[
    [4.518371105194092, -1.8491919040679932, -0.5791358351707458],
    [4.546885013580322, -1.7224459648132324, -0.5587018728256226],
    [5.141554832458496, -2.119236707687378, -0.6047373414039612],
    [4.665235996246338, -2.157560110092163, -0.5465010404586792],
    [6.662817478179932, -1.5245225429534912, -0.604689359664917],
    [5.145035266876221, -1.6495591402053833, -0.6674889326095581],
    [5.2406439781188965, -1.5475647449493408, -0.6101505160331726],
    [4.522379398345947, -1.9075344800949097, -0.5746381878852844],
    [4.531497001647949, -1.8710567951202393, -0.5437136888504028],
    [4.418830871582031, -2.065650701522827, -0.57904052734375],
    [4.189443111419678, -2.487506628036499, -0.5986365079879761],
    [4.088815689086914, -2.4261317253112793, -0.5717536807060242],
    [4.246486663818359, -2.2281339168548584, -0.5725544691085815],
    [4.140507698059082, -2.2836050987243652, -0.6043523550033569],
    [5.8152289390563965, -1.9327341318130493, -0.6117759943008423],
    [6.5849151611328125, 2.4879095554351807, -0.6836796402931213],
    [9.546319961547852, -1.4614640474319458, -0.6430994868278503],
    [5.121984481811523, -1.7348843812942505, -0.6741180419921875],
    [5.563071250915527, -1.793488621711731, -0.59590083360672],
    [4.311559677124023, -1.9402037858963013, -0.5806577205657959],
    [7.650185585021973, -1.5170453786849976, -0.671858549118042],
    [8.029598236083984, -1.1701561212539673, -0.6718533635139465],
    [5.081357479095459, -1.6094744205474854, -0.6550631523132324],
    [5.22233772277832, -1.5805518627166748, -0.5994299054145813],
    [4.205510139465332, -2.0790159702301025, -0.5995727777481079],
    [4.176209926605225, -1.957581877708435, -0.5752087831497192],
    [4.063810348510742, -2.5436136722564697, -0.549408495426178],
    [4.233506679534912, -2.4619925022125244, -0.6361421942710876],
    [5.920052528381348, -1.9757187366485596, -0.6843451857566833],
    [5.783668041229248, -1.940948486328125, -0.5404874086380005],
    [7.280822277069092, 2.9135007858276367, -0.6943427920341492],
    [6.249443054199219, 2.6101198196411133, -0.5647766590118408],
    [10.344353675842285, -0.976180911064148, -0.5919041633605957],
    [5.008084297180176, -1.6337374448776245, -0.6171342730522156],
    [6.6671648025512695, -1.5186389684677124, -0.6667514443397522],
    [4.296224594116211, -2.032313585281372, -0.5654548406600952],
    [4.2260918617248535, -1.936808466911316, -0.6119931936264038],
    [4.019363880157471, -2.012749671936035, -0.49724894762039185],
    [9.61515998840332, -0.5706425309181213, -0.6678746938705444],
    [7.718602657318115, 3.2973833084106445, -0.6595189571380615],
    [8.142363548278809, -0.9569791555404663, -0.5785126686096191],
    [5.205432415008545, -1.6444135904312134, -0.6050798892974854],
    [4.289163589477539, -1.8959912061691284, -0.6026244759559631],
    [4.404088973999023, -1.894814133644104, -0.6414868235588074],
    [4.540441989898682, -2.2888176441192627, -0.6539400815963745],
    [4.53752326965332, -2.1568002700805664, -0.62247633934021],
    [6.212469100952148, -1.9693434238433838, -0.6276827454566956],
    [8.814094543457031, 3.3310046195983887, -0.7084320187568665],
    [9.865878105163574, 3.7735748291015625, -0.6229888796806335],
    [12.962100982666016, 0.03932084143161774, -0.6545794606208801],
    [5.0572919845581055, -1.5299253463745117, -0.6690306067466736],
    [6.591665744781494, -1.1978172063827515, -0.644538164138794],
    [4.531714916229248, -1.7910807132720947, -0.6214219927787781],
    [4.461734771728516, -1.7547409534454346, -0.6540205478668213],
    [8.032427787780762, -0.968498706817627, -0.5762409567832947],
    [8.138528823852539, -0.7913231253623962, -0.5778312087059021],
    [6.37385892868042, -1.0512607097625732, -0.654958963394165],
    [5.054463863372803, -1.3704659938812256, -0.6882334351539612],
    [5.127044677734375, -1.2940597534179688, -0.62847501039505],
    [4.342927932739258, -1.7274785041809082, -0.650600016117096],
    [4.4736247062683105, -1.881565809249878, -0.6398164629936218],
    [5.080122470855713, -3.121269702911377, -0.5289959907531738],
    [5.464601516723633, -2.045485019683838, -0.5032416582107544],
    [5.401844501495361, -1.9672130346298218, -0.6155316829681396],
    [9.2855806350708, -0.9143189787864685, -0.5754796266555786],
    [15.384819984436035, 0.7540119886398315, -0.6421533226966858],
    [12.285938262939453, 4.378609657287598, -0.7195141315460205],
    [14.655946731567383, 0.5507819652557373, -0.674735426902771],
    [5.203388690948486, -1.2647955417633057, -0.6659380197525024],
    [6.541325569152832, -0.8541768789291382, -0.6972119808197021],
    [4.358077049255371, -1.702126383781433, -0.6592473983764648],
    [4.281683921813965, -1.681761622428894, -0.6606642007827759],
    [4.1568922996521, -1.713725209236145, -0.5569894313812256],
    [11.826899528503418, 5.2478179931640625, -0.7245987057685852],
    [10.754250526428223, 5.55241584777832, -0.7773976922035217],
    [8.156208038330078, -0.4683285057544708, -0.6806367635726929],
    [5.366633892059326, -1.174696445465088, -0.7524684071540833],
    [5.232935905456543, -1.1371620893478394, -0.6077336072921753],
    [4.18616247177124, -1.7292836904525757, -0.6722159385681152],
    [4.372409343719482, -1.721478819847107, -0.6595022082328796],
    [3.700589418411255, -2.0699446201324463, -0.5699059367179871],
    [4.417363166809082, -2.454867362976074, -0.7139907479286194],
    [4.6235480308532715, -2.2068934440612793, -0.6181477904319763],
    [4.9373345375061035, -2.252485752105713, -0.5856388807296753],
    [5.336959362030029, -2.241424083709717, -0.6136972308158875],
    [7.028627395629883, 3.4274816513061523, -0.642299234867096],
    [16.459854125976562, 1.3153202533721924, -0.8856200575828552],
    [13.326461791992188, 4.560469627380371, -0.8682621121406555],
    [15.295415878295898, 0.747044563293457, -0.8872825503349304],
    [5.372035980224609, -1.1575500965118408, -0.7180207967758179],
    [6.3513689041137695, -0.7196237444877625, -0.661849856376648],
    [4.296952247619629, -1.658353328704834, -0.6707789897918701],
    [4.052495002746582, -1.678277611732483, -0.6371051073074341],
    [7.5901265144348145, -0.9544485807418823, -0.8058575987815857],
    [6.917099952697754, -1.1655148267745972, -0.6953213810920715],
    [6.140599250793457, -0.9653403759002686, -0.7573909163475037],
    [5.451661109924316, -1.1493762731552124, -0.8072976469993591],
    [5.3672099113464355, -1.053562879562378, -0.6896743774414062],
    [4.080871105194092, -1.6627317667007446, -0.6945668458938599],
    [4.223118305206299, -1.5095900297164917, -0.6459590792655945],
    [4.202880382537842, -1.7096269130706787, -0.628211498260498],
    [4.489684581756592, -1.7201018333435059, -0.5530150532722473],
    [4.286136150360107, -1.3444828987121582, -0.6593530774116516],
    [4.314672946929932, -2.3032305240631104, -0.639581561088562],
    [6.258543968200684, 3.77447247505188, -0.658700704574585],
    [15.432391166687012, 1.7500696182250977, -0.8621448874473572],
    [13.301152229309082, 5.512646675109863, -0.877146303653717],
    [14.432117462158203, 0.6728617548942566, -1.0051778554916382],
    [5.34514045715332, -1.3091801404953003, -0.7627454400062561],
    [5.243259906768799, -1.1200588941574097, -0.7268867492675781],
    [4.2984442710876465, -1.5682228803634644, -0.6716550588607788],
    [4.194243907928467, -1.4229601621627808, -0.5878370404243469],
    [3.911489248275757, -1.4714890718460083, -0.5915513038635254],
    [10.638203620910645, 5.217069625854492, -0.7640527486801147],
    [8.328522682189941, 4.761737823486328, -0.7734889388084412],
    [5.077147006988525, -1.3378748893737793, -0.7269096970558167],
    [5.375309467315674, -1.0433380603790283, -0.777191162109375],
    [4.1617279052734375, -1.559395670890808, -0.6800562143325806],
    [4.367678165435791, -1.404585361480713, -0.628596842288971],
    [4.104231357574463, -1.178331732749939, -0.5863861441612244],
    [4.114494323730469, -1.2451064586639404, -0.5863367915153503],
    [3.9155471324920654, -1.6515330076217651, -0.6698688864707947],
    [4.1186652183532715, -1.8258846998214722, -0.6748676300048828],
    [4.615939140319824, -1.6070222854614258, -0.6790028214454651],
    [4.409040927886963, -1.5743416547775269, -0.6460442543029785],
    [4.743640422821045, -1.6361925601959229, -0.6659591794013977],
    [4.277097702026367, -1.329724669456482, -0.62183678150177],
    [4.027346611022949, -1.0128028392791748, -0.6545613408088684],
    [14.445819854736328, 0.5453364849090576, -0.6783837676048279],
    [13.908148765563965, 4.539529323577881, -0.7543058395385742],
    [14.56876277923584, 0.04817643761634827, -0.7443815469741821],
    [5.453037738800049, -1.3272202014923096, -0.7363898754119873],
    [5.261357307434082, -1.2011418342590332, -0.7100502252578735],
    [4.284519195556641, -1.5000299215316772, -0.6528763175010681],
    [4.21999454498291, -1.2994295358657837, -0.630805253982544],
    [3.943552255630493, -1.2177637815475464, -0.5163465142250061],
    [4.265544414520264, -0.6230134963989258, -0.6883215308189392],
    [4.300271987915039, -0.32736825942993164, -0.6557462811470032],
    [3.7267637252807617, -0.514916181564331, -0.6299314498901367],
    [6.820364952087402, -1.4760558605194092, -0.7357181310653687],
    [6.979018688201904, -1.2971501350402832, -0.6160569190979004],
    [4.855818748474121, -1.5016016960144043, -0.6038500070571899],
    [5.411976337432861, -1.4053025245666504, -0.705446183681488],
    [5.267579078674316, -1.1446107625961304, -0.663703203201294],
    [4.226207733154297, -1.4401344060897827, -0.6358911991119385],
    [4.32506799697876, -1.223313570022583, -0.5806287527084351],
    [4.330496311187744, -0.8071992993354797, -0.5868372917175293],
    [3.9950153827667236, -1.0153937339782715, -0.5167214870452881],
    [3.854794979095459, -1.0520422458648682, -0.48346444964408875],
    [4.517135143280029, -0.9809622168540955, -0.5909271240234375],
    [4.1566877365112305, -0.8982159495353699, -0.572803258895874],
    [4.484212398529053, -0.8396210670471191, -0.5666375756263733],
    [3.833961248397827, -0.6135881543159485, -0.5541484355926514],
    [3.949272632598877, -0.8374296426773071, -0.6162534356117249],
    [3.562408685684204, -0.45291706919670105, -0.5750365853309631],
    [3.9757978916168213, -1.40780770778656, -0.6041885614395142],
    [13.051262855529785, -0.4440729022026062, -0.8343291878700256],
    [13.419507026672363, 4.4523468017578125, -0.8378406167030334],
    [12.664678573608398, -0.6688591837882996, -0.7976521253585815],
    [5.34547758102417, -1.4065970182418823, -0.7084388136863708],
    [5.1296067237854, -1.2259304523468018, -0.5611797571182251],
    [4.457666397094727, -1.3687191009521484, -0.5873630046844482],
    [4.451871871948242, -1.0432461500167847, -0.5183966159820557],
    [4.47367000579834, -0.860375702381134, -0.5692870616912842],
    [4.387360095977783, -0.7028295993804932, -0.496231347322464],
    [4.224900245666504, -0.5091561675071716, -0.5056257247924805],
    [4.625288963317871, -0.3150137960910797, -0.5967966914176941],
    [4.269869327545166, -0.33413562178611755, -0.5461418628692627],
    [4.413453578948975, -0.2745414674282074, -0.5364998579025269],
    [4.0425896644592285, 0.07298903912305832, -0.5781795978546143],
    [3.7801547050476074, -0.2245132327079773, -0.516370415687561],
    [3.650085210800171, -0.4728202819824219, -0.5217032432556152],
    [8.911081314086914, 3.905820608139038, -0.773230791091919],
    [7.682143688201904, 3.5324883460998535, -0.7873547673225403],
    [4.746441841125488, -1.5313420295715332, -0.6675794720649719],
    [5.345287322998047, -1.3998078107833862, -0.7672267556190491],
    [5.205859661102295, -1.2248659133911133, -0.5704488754272461],
    [4.343093395233154, -1.4347890615463257, -0.603023111820221],
    [4.531331539154053, -1.017819881439209, -0.529299795627594],
    [4.502328872680664, -0.6199705004692078, -0.5727068185806274],
    [4.386610507965088, -0.6569820046424866, -0.5668900012969971],
    [4.213973522186279, -0.9732454419136047, -0.5376303791999817],
    [4.3665361404418945, -0.7593750357627869, -0.6186918616294861],
    [4.274051666259766, -0.7503499984741211, -0.5870836973190308],
    [4.242786884307861, -0.8547154068946838, -0.6175774335861206],
    [4.071019649505615, -0.579113245010376, -0.5374104380607605],
    [3.822599411010742, -0.45416221022605896, -0.5622137784957886],
    [3.701207399368286, -0.09156068414449692, -0.5621877312660217],
    [3.8239095211029053, -0.7872269749641418, -0.5453752279281616],
    [4.739749908447266, 3.7202377319335938, -0.5544514060020447],
    [4.145608901977539, -0.7185959815979004, -0.5658193826675415],
    [12.118553161621094, -0.09194457530975342, -0.7916489243507385],
    [11.657173156738281, 3.753835916519165, -0.8731469511985779],
    [11.640718460083008, -0.7109714150428772, -0.8217874765396118],
    [5.308314800262451, -1.4155488014221191, -0.7254905104637146],
    [5.22160005569458, -1.2749563455581665, -0.5436515212059021],
    [4.508523464202881, -1.5083056688308716, -0.5967085361480713],
    [4.567626953125, -1.3731266260147095, -0.6153970956802368],
    [4.441823482513428, -0.949052631855011, -0.5617067217826843],
    [4.112833499908447, -1.1039042472839355, -0.5891784429550171],
    [4.161841869354248, -1.2969846725463867, -0.595862090587616],
    [4.055283069610596, -1.2933591604232788, -0.6096479296684265],
    [3.839022159576416, -1.2737945318222046, -0.6056143045425415],
    [3.8513669967651367, -1.1246600151062012, -0.6247304081916809],
    [5.384403228759766, 0.8137727379798889, -0.7181239724159241],
    [5.974314212799072, -1.6383306980133057, -0.6856614351272583],
    [4.926362037658691, -1.5973851680755615, -0.6144582033157349],
    [5.196534633636475, -1.3757261037826538, -0.5501574277877808],
    [4.675482273101807, -1.7650576829910278, -0.6559950709342957],
    [4.6021246910095215, -1.3969857692718506, -0.6316772699356079],
    [4.746172904968262, -1.429711103439331, -0.6517720222473145],
    [4.673367977142334, -1.3900692462921143, -0.6426147818565369],
    [4.753341197967529, -1.6993967294692993, -0.7263480424880981],
    [4.751308917999268, -1.8275344371795654, -0.7538171410560608],
    [4.556993007659912, -1.869915246963501, -0.7357309460639954],
    [4.192957878112793, -2.092257499694824, -0.7317364811897278],
    [3.823647975921631, -1.9641045331954956, -0.6959983706474304],
    [6.1481614112854, -1.4455896615982056, -0.7278303503990173],
    [6.31072998046875, -1.538968801498413, -0.6870794892311096],
    [6.178022861480713, -1.4622830152511597, -0.7012322545051575],
    [5.264159679412842, -1.3997818231582642, -0.7046879529953003],
    [5.275750160217285, -1.4840075969696045, -0.6656161546707153],
    [4.44716215133667, -1.8132919073104858, -0.5633681416511536],
    [4.4903974533081055, -1.6065893173217773, -0.5461626052856445],
    [4.446807384490967, -1.591244101524353, -0.5775632262229919],
    [2.7336230278015137, -2.1576435565948486, -0.5107932090759277],
    [2.8870792388916016, -2.413356304168701, -0.5139951705932617],
    [4.327004432678223, -2.2789697647094727, -0.5435730218887329],
    [2.039120674133301, -2.6050705909729004, -0.5147744417190552],
    [3.979418992996216, -2.0897603034973145, -0.527601957321167],
    [1.488593578338623, -2.4975473880767822, -0.46398767828941345],
    [5.099007606506348, -2.0472614765167236, -0.5590247511863708],
    [6.546015739440918, -1.4710993766784668, -0.5967127680778503],
    [5.177263259887695, -1.5928068161010742, -0.646087646484375],
    [4.49152135848999, -1.8264695405960083, -0.5709130167961121],
    [4.476742744445801, -1.87240731716156, -0.5279176831245422],
    [4.347846984863281, -1.7506359815597534, -0.5811017751693726],
    [4.338736057281494, -2.0204596519470215, -0.5783535242080688],
    [4.278275012969971, -2.201490879058838, -0.5454626083374023],
    [4.113667011260986, -2.388974666595459, -0.5872569680213928],
    [4.159469127655029, -2.369055986404419, -0.5260553359985352],
    [4.04304838180542, -2.373373031616211, -0.5593123435974121],
    [4.209447860717773, -2.216982364654541, -0.5419001579284668],
    [4.22758150100708, -2.1748580932617188, -0.540029764175415],
    [4.1818742752075195, -2.147308111190796, -0.5540680289268494],
    [4.074696063995361, -2.207659959793091, -0.5670796632766724],
    [3.9023396968841553, -2.1409356594085693, -0.555311381816864],
    [5.744492530822754, -1.8923768997192383, -0.5841101408004761],
    [5.2726850509643555, -1.8025290966033936, -0.5524758100509644],
    [8.607447624206543, -1.530432105064392, -0.6653189063072205],
    [4.4447150230407715, -2.1558239459991455, -0.5416705012321472],
    [9.058183670043945, -1.5485212802886963, -0.6541783213615417],
    [5.084111213684082, -1.6440778970718384, -0.6601955890655518],
    [5.471690654754639, -1.7578524351119995, -0.6032541990280151],
    [4.296003341674805, -1.8961660861968994, -0.5774495601654053],
    [4.2783122062683105, -1.789088249206543, -0.5338794589042664],
    [4.259040832519531, -1.8094381093978882, -0.5704922676086426],
    [4.072585105895996, -1.8747912645339966, -0.5497547388076782],
    [4.122554779052734, -2.2500853538513184, -0.5832369923591614],
    [4.017920970916748, -2.2944750785827637, -0.5406748652458191],
    [4.12767219543457, -2.581570863723755, -0.5795679688453674],
    [4.176828861236572, -2.3249244689941406, -0.5887494683265686],
    [4.292337417602539, -2.418426036834717, -0.5942351818084717],
    [4.1392621994018555, -2.3020589351654053, -0.5599825382232666],
    [4.401925563812256, -2.565403938293457, -0.6278513073921204],
    [4.209860324859619, -2.2248809337615967, -0.597044050693512],
    [4.23167085647583, -2.1703765392303467, -0.5495376586914062],
    [4.071270942687988, -2.142223834991455, -0.5010144114494324],
    [5.0259222984313965, -1.8999875783920288, -0.5603094100952148],
    [7.378879547119141, -1.4940632581710815, -0.6332509517669678],
    [4.73038387298584, -1.5590691566467285, -0.586419939994812],
    [7.781143665313721, -1.2064231634140015, -0.6520245671272278],
    [5.067901611328125, -1.6227085590362549, -0.6278808116912842],
    [5.15220832824707, -1.5008472204208374, -0.5843091607093811],
    [4.2100934982299805, -2.011040687561035, -0.5882313251495361],
    [4.1207380294799805, -2.015871524810791, -0.5706084370613098],
    [4.158692359924316, -1.8135122060775757, -0.6100515127182007],
    [4.253827095031738, -2.2469019889831543, -0.5583018660545349],
    [3.8854317665100098, -2.1966404914855957, -0.5747788548469543],
    [3.860582113265991, -2.5124213695526123, -0.5294159650802612],
    [3.796504020690918, -2.608022689819336, -0.5808090567588806],
    [3.8223378658294678, -2.567314863204956, -0.5482310056686401],
    [4.077696323394775, -2.308577060699463, -0.6111710071563721],
    [4.12040376663208, -2.3578929901123047, -0.5911243557929993],
    [4.361146450042725, -2.230210781097412, -0.618146538734436],
    [5.917915344238281, -1.9702808856964111, -0.6152223348617554],
    [4.312971591949463, -2.095022439956665, -0.5112543106079102],
    [5.60515022277832, -1.9663329124450684, -0.5011622309684753],
    [4.903808116912842, -1.765366554260254, -0.5542440414428711],
    [9.006525039672852, -1.1635284423828125, -0.6268408298492432],
    [7.814092636108398, -1.429095983505249, -0.5761069059371948],
    [9.91352367401123, -1.083423376083374, -0.5752581357955933],
    [4.951844692230225, -1.5814188718795776, -0.6069594621658325],
    [6.550509929656982, -1.5124481916427612, -0.6623672842979431],
    [4.262941837310791, -2.0024049282073975, -0.5667803883552551],
    [4.183774948120117, -1.864795207977295, -0.5930448770523071],
    [4.183223247528076, -1.9952255487442017, -0.598327100276947],
    [3.7205162048339844, -2.0158073902130127, -0.5593658685684204],
    [3.2503554821014404, -2.181885242462158, -0.5205946564674377],
    [3.302499532699585, -2.425734519958496, -0.4905408024787903],
    [3.477491617202759, -2.6173017024993896, -0.611268937587738],
    [3.707838535308838, -2.49045991897583, -0.5829764008522034],
    [3.77180552482605, -2.0034990310668945, -0.5886712074279785],
    [4.0977463722229, -2.09999680519104, -0.5845540165901184],
    [4.177621364593506, -1.8817335367202759, -0.5993812084197998],
    [4.085453510284424, -2.009089946746826, -0.5195280909538269],
    [4.0489091873168945, -1.8592005968093872, -0.5573428869247437],
    [3.980809211730957, -1.9237791299819946, -0.492961585521698],
    [4.700081825256348, -1.820683240890503, -0.5564001798629761],
    [9.224687576293945, -0.6759578585624695, -0.6178101897239685],
    [7.921729564666748, -0.8146785497665405, -0.5814903974533081],
    [5.13030481338501, -1.5859097242355347, -0.6120198369026184],
    [5.170616149902344, -1.585695505142212, -0.597111701965332],
    [4.275232791900635, -1.8977442979812622, -0.5972321033477783],
    [4.339362144470215, -1.9392502307891846, -0.640518307685852],
    [4.006294250488281, -1.7890820503234863, -0.6346651911735535],
    [4.107043266296387, -2.0758750438690186, -0.6381634473800659],
    [3.6028506755828857, -2.091960906982422, -0.6056438088417053],
    [3.8708760738372803, -2.487269163131714, -0.4956974387168884],
    [3.5504517555236816, -2.6072709560394287, -0.5877455472946167],
    [3.9757397174835205, -2.5458836555480957, -0.5599989891052246],
    [4.10793399810791, -2.1647043228149414, -0.5411685705184937],
    [4.412269592285156, -2.0935959815979004, -0.6224653124809265],
    [4.448675632476807, -2.0369949340820312, -0.617512047290802],
    [4.4058837890625, -2.0406622886657715, -0.5442192554473877],
    [4.3268046379089355, -1.871071457862854, -0.5780816078186035],
    [6.069838047027588, -1.8975162506103516, -0.5795483589172363],
    [4.518593788146973, -1.6797617673873901, -0.4933123290538788],
    [10.780988693237305, -0.5334980487823486, -0.674045979976654],
    [10.10875415802002, -0.45197340846061707, -0.5465611219406128],
    [12.382156372070312, -0.15686103701591492, -0.6463800072669983],
    [5.01300048828125, -1.4434503316879272, -0.6639242768287659],
    [6.5263872146606445, -1.1966230869293213, -0.6383053064346313],
    [4.513640403747559, -1.7669392824172974, -0.6164287328720093],
    [4.432801723480225, -1.6950465440750122, -0.6409801840782166],
    [4.315303802490234, -1.7368104457855225, -0.6332131624221802],
    [4.177708625793457, -1.6690478324890137, -0.6252731084823608],
    [3.481947660446167, -2.1420984268188477, -0.554879903793335],
    [3.5106053352355957, -2.290374517440796, -0.587588906288147],
    [3.6115384101867676, -2.4539172649383545, -0.5160173177719116],
    [3.865368127822876, -2.330765724182129, -0.5594236850738525],
    [4.413843154907227, -2.200075149536133, -0.5844938158988953],
    [4.542497158050537, -2.1423792839050293, -0.5794761180877686],
    [4.83682107925415, -2.0606372356414795, -0.6182364821434021],
    [4.791367530822754, -2.0212152004241943, -0.6322459578514099],
    [4.768776893615723, -1.817680835723877, -0.6567333340644836],
    [4.4644646644592285, -1.8290717601776123, -0.5546289682388306],
    [4.974246978759766, -1.7809354066848755, -0.4658980667591095],
    [6.240120887756348, -1.0416456460952759, -0.643740713596344],
    [5.044773578643799, -1.318120002746582, -0.6583778858184814],
    [5.09263277053833, -1.2629690170288086, -0.6281116008758545],
    [4.351909160614014, -1.7014957666397095, -0.642694890499115],
    [4.424796104431152, -1.9135271310806274, -0.6332039833068848],
    [4.164861679077148, -1.6843386888504028, -0.55197674036026],
    [4.0315260887146, -1.8822059631347656, -0.5790624618530273],
    [3.8954570293426514, -2.057117462158203, -0.5873047709465027],
    [4.055816650390625, -2.3108348846435547, -0.6244446635246277],
    [3.943490743637085, -2.442007541656494, -0.5133100748062134],
    [4.947817325592041, -2.48883056640625, -0.567203164100647],
    [4.5177412033081055, -2.2496964931488037, -0.5716917514801025],
    [5.232328414916992, -1.8084700107574463, -0.536063015460968],
    [4.961813449859619, -1.8595558404922485, -0.5802567601203918],
    [5.046993732452393, -1.8000032901763916, -0.6089158058166504],
    [4.703415870666504, -1.9277024269104004, -0.6573168635368347],
    [8.881807327270508, -0.8247356414794922, -0.5808461904525757],
    [4.823556900024414, -1.4825804233551025, -0.5565127730369568],
    [14.881239891052246, 0.8232226371765137, -0.6295455694198608],
    [10.967476844787598, -0.30233004689216614, -0.6509249210357666],
    [14.053661346435547, 0.31114447116851807, -0.6622735261917114],
    [5.12883996963501, -1.1566221714019775, -0.6657042503356934],
    [6.535166263580322, -0.831699550151825, -0.6928648352622986],
    [4.302577972412109, -1.6537349224090576, -0.65837162733078],
    [4.218095779418945, -1.6339069604873657, -0.6444966793060303],
    [3.9890921115875244, -1.7276512384414673, -0.5670328140258789],
    [3.8622660636901855, -1.837878704071045, -0.569494366645813],
    [3.4282867908477783, -2.302358627319336, -0.6041965484619141],
    [3.2902026176452637, -2.413642168045044, -0.6774165630340576],
    [3.6252574920654297, -2.466874599456787, -0.703821063041687],
    [3.9574060440063477, -2.251056671142578, -0.698614239692688],
    [4.817481994628906, -2.13206148147583, -0.6670335531234741],
    [4.786619186401367, -1.7988377809524536, -0.5922560095787048],
    [5.125558853149414, -1.5029281377792358, -0.65259850025177],
    [4.75168514251709, -1.8725205659866333, -0.5320690274238586],
    [4.418871879577637, -1.9832448959350586, -0.545149028301239],
    [4.484827041625977, -2.027836799621582, -0.63697749376297],
    [4.6827826499938965, -1.7381075620651245, -0.6313003301620483],
    [11.153159141540527, 0.04668547958135605, -0.7247867584228516],
    [7.897489070892334, -0.37226879596710205, -0.6845301389694214],
    [5.333252906799316, -1.1124298572540283, -0.7160959839820862],
    [5.212017059326172, -1.113635778427124, -0.6095180511474609],
    [4.170467376708984, -1.7231159210205078, -0.6619358062744141],
    [4.310039520263672, -1.7826098203659058, -0.6547209024429321],
    [3.9288618564605713, -1.6236395835876465, -0.6507737636566162],
    [3.5480659008026123, -1.974304437637329, -0.5905876755714417],
    [3.297457695007324, -2.288661003112793, -0.5617652535438538],
    [3.106029987335205, -2.5632147789001465, -0.7564945816993713],
    [3.4162120819091797, -2.562114715576172, -0.8050025701522827],
    [3.9988210201263428, -2.384096622467041, -0.7882553339004517],
    [4.324744701385498, -2.1967036724090576, -0.6503542065620422],
    [4.7861456871032715, -1.870605230331421, -0.6275665760040283],
    [4.636450290679932, -1.810017466545105, -0.6412976384162903],
    [5.121840953826904, -1.862455129623413, -0.6445253491401672],
    [4.560464859008789, -2.098968744277954, -0.634096622467041],
    [4.452942371368408, -1.9375624656677246, -0.6070192456245422],
    [15.888158798217773, 1.1298412084579468, -0.8917732834815979],
    [11.645844459533691, -0.2833130359649658, -0.814659833908081],
    [14.771875381469727, 0.7238762378692627, -0.8600972890853882],
    [5.303999423980713, -1.0285885334014893, -0.7154157757759094],
    [6.319544792175293, -0.6366146206855774, -0.6531481146812439],
    [4.219433307647705, -1.6210863590240479, -0.6727648973464966],
    [4.045341968536377, -1.6112563610076904, -0.616470456123352],
    [3.989807367324829, -1.5677632093429565, -0.6803014278411865],
    [3.444998025894165, -1.9872500896453857, -0.6152328848838806],
    [3.1655454635620117, -2.122258186340332, -0.5518889427185059],
    [2.862762451171875, -2.357333183288574, -0.6272323131561279],
    [3.222160577774048, -1.6529955863952637, -0.720238447189331],
    [3.3141567707061768, -1.81983482837677, -0.7898250818252563],
    [3.9761924743652344, -1.43133544921875, -0.762718141078949],
    [3.5464513301849365, -1.7965497970581055, -0.6402328014373779],
    [3.9271087646484375, -1.9390268325805664, -0.6837595105171204],
    [3.9087443351745605, -1.9038256406784058, -0.6800662875175476],
    [4.144498825073242, -2.068411350250244, -0.7205311059951782],
    [4.04835319519043, -2.163109302520752, -0.7183400392532349],
    [4.337748050689697, -2.1242854595184326, -0.6960442662239075],
    [7.218540668487549, -1.1838988065719604, -0.8268762826919556],
    [6.633580684661865, -1.1640384197235107, -0.7084468603134155],
    [6.001516342163086, -0.9769766926765442, -0.7488016486167908],
    [5.425025939941406, -1.0441423654556274, -0.7885387539863586],
    [5.330572605133057, -1.0094271898269653, -0.6818697452545166],
    [4.205384731292725, -1.542142629623413, -0.6266230940818787],
    [3.8489468097686768, -1.4295552968978882, -0.6837815642356873],
    [3.4706075191497803, -1.8370747566223145, -0.6170399188995361],
    [3.265918493270874, -2.0544140338897705, -0.6689043641090393],
    [3.530769109725952, -2.2427573204040527, -0.621932864189148],
    [3.739287853240967, -1.956667184829712, -0.7236068248748779],
    [3.987799882888794, -1.9175565242767334, -0.6552286744117737],
    [4.135710716247559, -2.1044387817382812, -0.6851738691329956],
    [4.063847064971924, -1.813143014907837, -0.5994996428489685],
    [3.945986270904541, -1.9661544561386108, -0.655278742313385],
    [3.5411291122436523, -2.2238731384277344, -0.7225745916366577],
    [4.014806747436523, -2.307443857192993, -0.6897597312927246],
    [4.592141628265381, -1.878626823425293, -0.5796300768852234],
    [4.302417278289795, -1.8161712884902954, -0.6368817687034607],
    [14.838668823242188, 1.5108492374420166, -0.8597710728645325],
    [12.363743782043457, -0.5479291081428528, -0.7923077940940857],
    [14.001843452453613, 0.38120031356811523, -0.9929807186126709],
    [5.350041389465332, -1.1899195909500122, -0.7617729306221008],
    [5.266583442687988, -1.0372974872589111, -0.7302806973457336],
    [4.233804702758789, -1.5488847494125366, -0.685610830783844],
    [4.1065993309021, -1.3872627019882202, -0.5774521231651306],
    [3.88295578956604, -1.4347862005233765, -0.6142774820327759],
    [3.7149739265441895, -1.7491375207901, -0.5837404131889343],
    [3.016650676727295, -1.73228120803833, -0.7486271262168884],
    [3.3331336975097656, -2.032362222671509, -0.7052391171455383],
    [3.524756908416748, -1.8211464881896973, -0.8251043558120728],
    [3.832796573638916, -1.7181488275527954, -0.7032097578048706],
    [4.194131851196289, -1.6246728897094727, -0.8093348145484924],
    [3.640601634979248, -1.449928879737854, -0.5733885169029236],
    [3.5594167709350586, -1.4780796766281128, -0.7140012979507446],
    [3.625135898590088, -1.558716058731079, -0.6624175906181335],
    [4.029419898986816, -1.7888169288635254, -0.6624734997749329],
    [3.717116355895996, -1.7090871334075928, -0.6183606386184692],
    [4.618436336517334, -1.9280694723129272, -0.6506507992744446],
    [10.54465103149414, 0.2083147019147873, -0.7863051891326904],
    [7.728769302368164, -0.5530716180801392, -0.7038348317146301],
    [5.021840572357178, -1.3062357902526855, -0.7431708574295044],
    [5.481167793273926, -1.2482237815856934, -0.7392989993095398],
    [5.381094932556152, -1.0810612440109253, -0.7788677215576172],
    [4.163197040557861, -1.5456981658935547, -0.673616349697113],
    [4.334492206573486, -1.4530622959136963, -0.6211220622062683],
    [3.997836112976074, -1.151462197303772, -0.5899456739425659],
    [3.79636549949646, -1.4757988452911377, -0.5790063738822937],
    [3.697892904281616, -1.7127054929733276, -0.6631237268447876],
    [3.8336949348449707, -1.8807657957077026, -0.6726856827735901],
    [4.2025227546691895, -1.754962682723999, -0.7143341302871704],
    [3.8772366046905518, -1.7668817043304443, -0.6967809796333313],
    [4.493550777435303, -1.7408649921417236, -0.6982351541519165],
    [4.026236534118652, -1.4542465209960938, -0.6485905647277832],
    [4.049962043762207, -1.7204952239990234, -0.7062292695045471],
    [4.045212745666504, -1.6402579545974731, -0.6570496559143066],
    [4.022266387939453, -1.7339383363723755, -0.6323440670967102],
    [4.417608261108398, -1.3587596416473389, -0.6438875198364258],
    [14.098901748657227, -0.09855528175830841, -0.7035282850265503],
    [12.956201553344727, -1.597740888595581, -0.6902065277099609],
    [13.933219909667969, -0.12972068786621094, -0.7502185702323914],
    [5.389636516571045, -1.2818877696990967, -0.740591824054718],
    [5.251065254211426, -1.1433489322662354, -0.7184864282608032],
    [4.256199836730957, -1.5040041208267212, -0.6558226943016052],
    [4.203257083892822, -1.2549580335617065, -0.6207587122917175],
    [4.036660194396973, -1.2570220232009888, -0.5941882133483887],
    [3.799238920211792, -1.2524787187576294, -0.5293375849723816],
    [3.4252119064331055, -1.1417909860610962, -0.570699155330658],
    [3.4861929416656494, -1.0610548257827759, -0.5764533281326294],
    [4.139937400817871, -0.7770349383354187, -0.6683498024940491],
    [3.6184606552124023, -0.8284443616867065, -0.6352001428604126],
    [4.0167107582092285, -0.7489550113677979, -0.6747351884841919],
    [3.4268436431884766, -0.8342803120613098, -0.6368238925933838],
    [3.1791915893554688, -1.1666810512542725, -0.7005801200866699],
    [3.484362840652466, -1.2048276662826538, -0.6512356400489807],
    [3.378650665283203, -1.5401734113693237, -0.6667661070823669],
    [3.740494966506958, -1.2818864583969116, -0.6007797122001648],
    [4.2735700607299805, -1.4685730934143066, -0.6749922633171082],
    [6.467080593109131, -1.7255806922912598, -0.7522371411323547],
    [6.56258487701416, -1.525019645690918, -0.630883514881134],
    [4.791926383972168, -1.4815642833709717, -0.6380564570426941],
    [5.343313217163086, -1.2946405410766602, -0.6986239552497864],
    [5.204667091369629, -1.194266676902771, -0.6663336157798767],
    [4.333098411560059, -1.2287001609802246, -0.5694050788879395],
    [4.263452529907227, -0.809129536151886, -0.5808529853820801],
    [3.934115409851074, -0.9870705008506775, -0.4949852228164673],
    [3.8567955493927, -1.0089300870895386, -0.4979931116104126],
    [3.8113350868225098, -1.0711249113082886, -0.46425551176071167],
    [4.403688430786133, -1.075574517250061, -0.5582701563835144],
    [4.012071132659912, -0.8440905213356018, -0.5455520749092102],
    [4.27648401260376, -0.975869357585907, -0.5296216607093811],
    [3.767526865005493, -0.7071225643157959, -0.5378976464271545],
    [3.7095108032226562, -0.8064471483230591, -0.5902992486953735],
    [3.4890856742858887, -1.0787299871444702, -0.5931617021560669],
    [3.950146436691284, -1.5240477323532104, -0.6182111501693726],
    [4.128026962280273, -1.3431854248046875, -0.614822506904602],
    [12.73516845703125, -0.6970771551132202, -0.8041385412216187],
    [12.563491821289062, -1.4294211864471436, -0.7672941088676453],
    [12.274457931518555, -0.6950916647911072, -0.8180841207504272],
    [5.2831268310546875, -1.3482638597488403, -0.7095219492912292],
    [5.099173545837402, -1.2358263731002808, -0.5517259836196899],
    [4.393960952758789, -1.3793495893478394, -0.5786574482917786],
    [4.4869890213012695, -0.9559014439582825, -0.5070627927780151],
    [4.440863132476807, -0.7765533328056335, -0.5598946213722229],
    [4.347977638244629, -0.591707170009613, -0.5067058801651001],
    [4.182614803314209, -0.4131050109863281, -0.5146329998970032],
    [4.089873790740967, -0.5123417973518372, -0.4862942695617676],
    [4.57450532913208, -0.39439454674720764, -0.5871498584747314],
    [4.201268672943115, -0.2561449110507965, -0.5188007354736328],
    [4.3791351318359375, -0.37137287855148315, -0.4973011910915375],
    [3.775606393814087, -0.09486624598503113, -0.4391769766807556],
    [3.5502917766571045, -0.36659765243530273, -0.5122888088226318],
    [3.6539924144744873, -0.681098222732544, -0.5226781368255615],
    [3.731802463531494, -0.9207481145858765, -0.5086795687675476],
    [4.086528301239014, -1.281118631362915, -0.6038918495178223],
    [9.166698455810547, -0.44667738676071167, -0.7590227723121643],
    [7.044857501983643, -1.6226658821105957, -0.7454478740692139],
    [4.678782939910889, -1.5289891958236694, -0.6954253911972046],
    [5.302224159240723, -1.309414267539978, -0.7562938928604126],
    [5.159810543060303, -1.2445051670074463, -0.5648606419563293],
    [4.312248706817627, -1.378650426864624, -0.5982354879379272],
    [4.545702934265137, -0.9805441498756409, -0.5255444645881653],
    [4.455591678619385, -0.6059427261352539, -0.5719602108001709],
    [4.38254976272583, -0.6757356524467468, -0.557558000087738],
    [4.1355695724487305, -0.7707778215408325, -0.539688766002655],
    [4.133962631225586, -0.8561021089553833, -0.5281740427017212],
    [4.283843040466309, -0.7346483469009399, -0.5852808356285095],
    [4.202817916870117, -0.6800268888473511, -0.5619006156921387],
    [4.210895538330078, -0.928382933139801, -0.5609880089759827],
    [4.142579078674316, -0.5436763763427734, -0.49134695529937744],
    [3.68220591545105, -0.43412232398986816, -0.536188006401062],
    [3.5788872241973877, -0.6018056273460388, -0.5517953038215637],
    [3.7688565254211426, -0.813754677772522, -0.5502045154571533],
    [4.007818698883057, -0.991131603717804, -0.5874811410903931],
    [11.744894027709961, -0.4024465084075928, -0.7805240154266357],
    [11.203459739685059, -1.075517177581787, -0.805113673210144],
    [11.30997371673584, -0.8166388273239136, -0.8153457045555115],
    [5.253979682922363, -1.3245749473571777, -0.7201873660087585],
    [5.210060119628906, -1.2769989967346191, -0.5354915261268616],
    [4.4372148513793945, -1.4789263010025024, -0.5821217894554138],
    [4.550852298736572, -1.2799603939056396, -0.5993140339851379],
    [4.404995918273926, -1.2456121444702148, -0.588042676448822],
    [4.370149612426758, -0.7989245057106018, -0.5550636649131775],
    [3.924821138381958, -0.9550334811210632, -0.5726079940795898],
    [4.060902118682861, -0.8654120564460754, -0.56982421875],
    [4.0539422035217285, -1.047353744506836, -0.6012296080589294],
    [4.140724182128906, -0.9735610485076904, -0.5622795224189758],
    [3.9534261226654053, -1.1911920309066772, -0.6042018532752991],
    [4.044034004211426, -0.975492537021637, -0.5630636811256409],
    [3.655524253845215, -0.9305515289306641, -0.5759841203689575],
    [3.842900514602661, -1.014782190322876, -0.5800856351852417],
    [3.224867343902588, -1.1217827796936035, -0.6013639569282532],
    [3.8660662174224854, -1.005005955696106, -0.6130375266075134],
    [3.5118417739868164, -1.372937560081482, -0.6594914793968201],
    [5.370681285858154, -1.3459839820861816, -0.7170496582984924],
    [5.784492015838623, -1.64066743850708, -0.6927044987678528],
    [4.81093168258667, -1.5790847539901733, -0.638521671295166],
    [5.220972061157227, -1.3864457607269287, -0.6701605319976807],
    [5.146154403686523, -1.3875030279159546, -0.5576395392417908],
    [4.670466423034668, -1.7031608819961548, -0.6382986307144165],
    [4.595395565032959, -1.4202576875686646, -0.6362594962120056],
    [4.6999945640563965, -1.3609167337417603, -0.644646942615509],
    [4.590554237365723, -1.3968788385391235, -0.6482690572738647],
    [4.63797664642334, -1.4100408554077148, -0.6700782775878906],
    [4.694063186645508, -1.6065539121627808, -0.7309353947639465],
    [4.83572244644165, -1.5454055070877075, -0.7240055203437805],
    [4.750651836395264, -1.6649198532104492, -0.7431581020355225],
    [4.7344560623168945, -1.844172716140747, -0.7121415734291077],
    [4.507331848144531, -1.7300033569335938, -0.7247998118400574],
    [4.475742816925049, -1.728019118309021, -0.7200945615768433],
    [4.1685614585876465, -1.9200280904769897, -0.7261776328086853],
    [4.235256195068359, -1.8083152770996094, -0.7386730313301086],
    [3.878239393234253, -1.9645516872406006, -0.6946633458137512],
    [4.180812358856201, -1.5012013912200928, -0.687253475189209],
    [6.000234603881836, -1.5103886127471924, -0.7449068427085876],
    [6.056125640869141, -1.5440173149108887, -0.6842181086540222],
    [5.996480941772461, -1.4000285863876343, -0.6918612718582153],
    [5.2158203125, -1.4033151865005493, -0.6876713037490845],
    [5.242061614990234, -1.4072797298431396, -0.6608006954193115]
]
