[
    [5.062417030334473, -2.2561283111572266, -0.6013079285621643],
    [4.8375067710876465, -2.291832685470581, -0.5545601844787598],
    [6.793811798095703, -1.644862413406372, -0.6031073331832886],
    [5.052520751953125, -1.8126237392425537, -0.6064009666442871],
    [5.085268974304199, -1.7283445596694946, -0.6314172148704529],
    [3.756469488143921, -2.3355133533477783, -0.5868308544158936],
    [3.9487385749816895, -2.3124923706054688, -0.5916593074798584],
    [5.838818550109863, -1.9111850261688232, -0.6474071145057678],
    [6.745718479156494, 2.4495255947113037, -0.6573649048805237],
    [9.37314224243164, -1.4732375144958496, -0.6562720537185669],
    [4.994549751281738, -2.0107266902923584, -0.5839952230453491],
    [5.350594520568848, -2.047415018081665, -0.5963394641876221],
    [7.461305141448975, -1.556201457977295, -0.6517512798309326],
    [8.08948040008545, -1.220566749572754, -0.6590179204940796],
    [5.112520217895508, -1.8353720903396606, -0.5983315110206604],
    [6.101963996887207, -2.09702730178833, -0.674432635307312],
    [5.982247352600098, -1.993313193321228, -0.6590862274169922],
    [7.2091217041015625, 2.987528085708618, -0.6864704489707947],
    [6.085484981536865, 2.840874671936035, -0.6338037252426147],
    [10.153215408325195, -0.9893487691879272, -0.6066933274269104],
    [4.993769645690918, -1.7880990505218506, -0.6234496831893921],
    [6.413726806640625, -1.7733714580535889, -0.5719133019447327],
    [9.746907234191895, -0.7586872577667236, -0.6808828711509705],
    [8.175188064575195, 3.664691686630249, -0.696321964263916],
    [8.233796119689941, -1.0680763721466064, -0.5991547107696533],
    [5.164755821228027, -1.7163833379745483, -0.5992440581321716],
    [4.134177207946777, -2.656259775161743, -0.4945032596588135],
    [4.297971725463867, -2.368058681488037, -0.5493013858795166],
    [4.545464515686035, -2.222717523574829, -0.5865987539291382],
    [6.441237449645996, -1.9476696252822876, -0.5915151834487915],
    [9.13320541381836, 3.705970525741577, -0.6021514534950256],
    [10.182342529296875, 4.127546787261963, -0.6359203457832336],
    [13.080228805541992, -0.006141558289527893, -0.718992292881012],
    [4.927988052368164, -1.7169194221496582, -0.6115773916244507],
    [6.524259567260742, -1.4384175539016724, -0.6239681243896484],
    [8.232240676879883, -1.2959368228912354, -0.5881216526031494],
    [8.498703956604004, -1.1074755191802979, -0.5375159978866577],
    [6.3542938232421875, -1.3203762769699097, -0.5588988661766052],
    [5.087403297424316, -1.5669509172439575, -0.6173766851425171],
    [4.488517761230469, -3.2881104946136475, -0.4360094368457794],
    [4.911883354187012, -2.247117519378662, -0.41121432185173035],
    [5.314515590667725, -1.9602329730987549, -0.5067248940467834],
    [10.286847114562988, -0.770013689994812, -0.5808956623077393],
    [16.121963500976562, 1.3694251775741577, -0.6413923501968384],
    [12.60556411743164, 5.05536413192749, -0.6052926182746887],
    [15.136848449707031, 0.8150556087493896, -0.6496611833572388],
    [5.116775035858154, -1.5299562215805054, -0.6258924603462219],
    [6.744542121887207, -1.2072598934173584, -0.6193131804466248],
    [12.58674144744873, 5.784196376800537, -0.5860874652862549],
    [12.397746086120605, 5.8930816650390625, -0.6586545705795288],
    [8.666221618652344, -0.7676358819007874, -0.7026419639587402],
    [5.209893703460693, -1.4459540843963623, -0.6101878881454468],
    [4.1176300048828125, -2.419360876083374, -0.6728830337524414],
    [4.543206691741943, -1.895106554031372, -0.585438072681427],
    [4.718226432800293, -2.1465415954589844, -0.5206745862960815],
    [5.341633319854736, -2.1668343544006348, -0.48348158597946167],
    [7.584979057312012, 3.776654005050659, -0.5070332288742065],
    [17.836444854736328, 2.3903913497924805, -0.6190532445907593],
    [15.23231315612793, 6.019471168518066, -0.6919610500335693],
    [16.3514461517334, 1.7174829244613647, -0.771957278251648],
    [5.171123504638672, -1.4699283838272095, -0.675807535648346],
    [6.866665840148926, -1.1802654266357422, -0.6874563694000244],
    [2.832977533340454, -1.8776217699050903, -0.6787547469139099],
    [8.809368133544922, -0.9575563669204712, -0.5223426222801208],
    [8.945813179016113, -0.8301604390144348, -0.5943626165390015],
    [6.543496608734131, -1.143988013267517, -0.6246765851974487],
    [5.224185466766357, -1.4578442573547363, -0.6811917424201965],
    [3.606471538543701, -2.0021274089813232, -0.5688532590866089],
    [4.010684967041016, -2.298619270324707, -0.5993713736534119],
    [4.134671211242676, -1.9476051330566406, -0.6486292481422424],
    [4.323486804962158, -1.9657734632492065, -0.5767782330513],
    [7.222240924835205, 4.14542293548584, -0.6541738510131836],
    [17.09027862548828, 2.5798423290252686, -0.620589017868042],
    [16.038816452026367, 6.878057479858398, -0.775454044342041],
    [15.326931953430176, 1.1743141412734985, -0.7439731955528259],
    [5.048312664031982, -1.5330151319503784, -0.6676202416419983],
    [5.116940021514893, -1.5675855875015259, -0.7215369939804077],
    [2.9424986839294434, -1.4904576539993286, -0.7342072129249573],
    [12.513227462768555, 5.7697319984436035, -0.6291243433952332],
    [10.744638442993164, 4.8711748123168945, -0.6761221289634705],
    [5.070285797119141, -1.5521743297576904, -0.5443761944770813],
    [5.102092266082764, -1.3913342952728271, -0.7081449031829834],
    [3.8841147422790527, -1.8372163772583008, -0.6284048557281494],
    [3.8155252933502197, -1.823752522468567, -0.5642402768135071],
    [3.7383596897125244, -1.7880122661590576, -0.5592688322067261],
    [3.7177419662475586, -2.2834949493408203, -0.6568508148193359],
    [3.9403295516967773, -1.9838789701461792, -0.6678335070610046],
    [4.029925346374512, -1.802956223487854, -0.7026283740997314],
    [3.8695313930511475, -1.8784716129302979, -0.5649580955505371],
    [15.466255187988281, 1.4175281524658203, -0.7470495104789734],
    [15.174312591552734, 6.293684959411621, -0.7922120690345764],
    [14.423236846923828, 0.42849335074424744, -0.7883263230323792],
    [5.127335071563721, -1.5191830396652222, -0.6727193593978882],
    [5.131058692932129, -1.489837646484375, -0.6670693159103394],
    [4.110217094421387, -1.763914942741394, -0.59256911277771],
    [7.922298908233643, -1.5882569551467896, -0.7155225872993469],
    [7.948622226715088, -1.3680614233016968, -0.6738043427467346],
    [4.813277244567871, -1.5589388608932495, -0.6283940076828003],
    [5.2421722412109375, -1.5727319717407227, -0.7458827495574951],
    [5.182592868804932, -1.3331303596496582, -0.6303349733352661],
    [3.9940505027770996, -1.612242579460144, -0.5829498171806335],
    [3.8457489013671875, -1.3253880739212036, -0.51740962266922],
    [3.696087598800659, -1.4619745016098022, -0.5138981342315674],
    [4.121613025665283, -1.309187650680542, -0.680341362953186],
    [3.951908588409424, -1.4700491428375244, -0.6417573094367981],
    [4.231905460357666, -1.3193817138671875, -0.6627687811851501],
    [3.7010791301727295, -1.1186593770980835, -0.6122415065765381],
    [3.7382307052612305, -1.0011459589004517, -0.5726339817047119],
    [4.077182769775391, -1.2613738775253296, -0.5706261992454529],
    [14.257713317871094, 0.2774696946144104, -0.7880343198776245],
    [14.24694538116455, 5.286148548126221, -0.912002444267273],
    [12.614217758178711, -0.48209381103515625, -0.9029479622840881],
    [5.1555609703063965, -1.5972800254821777, -0.7700636386871338],
    [5.073220729827881, -1.5458990335464478, -0.6255089640617371],
    [4.287501811981201, -1.5322699546813965, -0.5740554332733154],
    [4.362490177154541, -1.2822277545928955, -0.5065498352050781],
    [4.162988662719727, -0.6346218585968018, -0.4983786642551422],
    [4.481931209564209, -0.35672813653945923, -0.6528314352035522],
    [4.324252605438232, -0.44617903232574463, -0.6064063310623169],
    [3.697093963623047, -0.5240879058837891, -0.5294788479804993],
    [9.911398887634277, 4.590542793273926, -0.6738658547401428],
    [8.159282684326172, 3.584210157394409, -0.7439764738082886],
    [4.737541198730469, -1.8510514497756958, -0.6741218566894531],
    [5.250460624694824, -1.733941912651062, -0.7331559658050537],
    [5.321500778198242, -1.61027193069458, -0.6577666997909546],
    [4.1481499671936035, -1.5272446870803833, -0.6008404493331909],
    [4.340815544128418, -1.3292303085327148, -0.5189288258552551],
    [4.441764831542969, -0.776030421257019, -0.6055976152420044],
    [4.2251667976379395, -1.0915367603302002, -0.5894270539283752],
    [4.080090045928955, -1.2948166131973267, -0.5508893728256226],
    [4.138776779174805, -0.9253338575363159, -0.6536303758621216],
    [4.220653057098389, -0.9637769460678101, -0.6562334895133972],
    [4.2367844581604, -1.1526448726654053, -0.6418005228042603],
    [4.205052852630615, -0.33083638548851013, -0.5842849612236023],
    [3.789719343185425, 1.5308343172073364, -0.521148145198822],
    [3.9201834201812744, -0.9663774967193604, -0.5344581604003906],
    [4.066372871398926, -1.0101417303085327, -0.5727465152740479],
    [12.429008483886719, 0.0771561861038208, -0.7295613884925842],
    [11.779850959777832, 4.48964262008667, -0.7404470443725586],
    [11.579174995422363, -0.6028991937637329, -0.7262202501296997],
    [5.211017608642578, -1.7700239419937134, -0.692394495010376],
    [5.305404186248779, -1.6419200897216797, -0.6722164154052734],
    [4.559154510498047, -1.6228265762329102, -0.5949870347976685],
    [4.561004638671875, -1.495278239250183, -0.6071896553039551],
    [4.5026140213012695, -1.314261555671692, -0.6077954173088074],
    [4.096601486206055, -1.5134779214859009, -0.6049212217330933],
    [4.177309989929199, -1.6497055292129517, -0.6284633874893188],
    [4.075634002685547, -1.2945878505706787, -0.5792014002799988],
    [5.247363090515137, 2.074450731277466, -0.6590185761451721],
    [6.169757843017578, -2.028871536254883, -0.7071216702461243],
    [5.067709922790527, -1.964477300643921, -0.7104989886283875],
    [5.436898231506348, -1.6068896055221558, -0.7089303135871887],
    [4.604504585266113, -1.5641471147537231, -0.6307046413421631],
    [4.594864845275879, -1.6901013851165771, -0.652541995048523],
    [4.489697456359863, -1.9362783432006836, -0.7129443287849426],
    [4.519731044769287, -2.0714879035949707, -0.7006528377532959],
    [4.415404319763184, -2.369567394256592, -0.7594202160835266],
    [4.142448425292969, -2.3739287853240967, -0.7506385445594788],
    [3.3188180923461914, 0.9512659311294556, -0.7175734043121338],
    [6.477092266082764, -1.8735042810440063, -0.6984272003173828],
    [6.584445953369141, -1.954392910003662, -0.6727921366691589],
    [6.4461588859558105, -1.6739680767059326, -0.6814231276512146],
    [5.521728515625, -1.693281650543213, -0.6502997875213623],
    [5.4788079261779785, -1.688745141029358, -0.6398196816444397],
    [3.378506660461426, -2.216154098510742, -0.5502163767814636],
    [3.1832475662231445, -2.074831485748291, -0.520116925239563],
    [3.405937433242798, -2.0619184970855713, -0.540988564491272],
    [2.1672656536102295, -2.476823329925537, -0.49128279089927673],
    [2.8532092571258545, -2.4924628734588623, -0.500566840171814],
    [3.937359094619751, -2.3966569900512695, -0.5502609014511108],
    [2.016782760620117, -2.5584194660186768, -0.5206953883171082],
    [3.709425210952759, -2.119840621948242, -0.5446832776069641],
    [3.609025478363037, -2.3611080646514893, -0.5696300268173218],
    [1.4404923915863037, -2.5156097412109375, -0.5242179036140442],
    [4.993254661560059, -2.141864061355591, -0.568929135799408],
    [6.676201343536377, -1.587656855583191, -0.5915749073028564],
    [5.090184688568115, -1.6952656507492065, -0.5888112187385559],
    [3.2971243858337402, -2.219057321548462, -0.549137532711029],
    [3.3048064708709717, -2.3260536193847656, -0.5133700966835022],
    [3.3379015922546387, -2.2175638675689697, -0.5635694265365601],
    [3.3343541622161865, -2.5087287425994873, -0.5523118376731873],
    [3.5116591453552246, -2.641218900680542, -0.5575143694877625],
    [3.3376874923706055, -2.5410678386688232, -0.5538254380226135],
    [3.702381134033203, -2.4627606868743896, -0.5664283633232117],
    [3.406162977218628, -2.4405198097229004, -0.5666948556900024],
    [3.8057796955108643, -2.3633482456207275, -0.5397100448608398],
    [3.754091501235962, -2.2576284408569336, -0.5642375349998474],
    [3.8791987895965576, -2.231895923614502, -0.5272543430328369],
    [3.8853695392608643, -2.1996893882751465, -0.5701221227645874],
    [3.815535306930542, -2.2784674167633057, -0.5886920690536499],
    [5.78544282913208, -1.8841922283172607, -0.6293522119522095],
    [5.215493202209473, -1.814504861831665, -0.5673712491989136],
    [8.704671859741211, -1.6158156394958496, -0.6915655732154846],
    [4.529244422912598, -2.294062852859497, -0.5521380305290222],
    [8.918155670166016, -1.5671143531799316, -0.676829993724823],
    [4.942800521850586, -1.9098029136657715, -0.5669598579406738],
    [5.293553829193115, -1.9785076379776, -0.6037213206291199],
    [2.941723585128784, -2.3685240745544434, -0.5694719552993774],
    [2.974336862564087, -2.217874526977539, -0.5297943353652954],
    [3.0595414638519287, -2.401473045349121, -0.5447977185249329],
    [3.1150665283203125, -2.5606510639190674, -0.5160325765609741],
    [3.435800313949585, -2.7701988220214844, -0.5855087637901306],
    [3.453096389770508, -2.5784425735473633, -0.5473323464393616],
    [3.4787073135375977, -2.6803135871887207, -0.5592688918113708],
    [3.5612006187438965, -2.3902454376220703, -0.5818237662315369],
    [3.509772539138794, -2.66440486907959, -0.5570287704467773],
    [3.698930025100708, -2.3546624183654785, -0.5365538001060486],
    [4.136480331420898, -2.6767117977142334, -0.555603563785553],
    [4.143400192260742, -2.3774375915527344, -0.5994216799736023],
    [4.315853118896484, -2.3898019790649414, -0.6005092263221741],
    [4.146984577178955, -2.2420167922973633, -0.588057279586792],
    [4.83763313293457, -2.00285005569458, -0.5596387982368469],
    [7.130740165710449, -1.5751042366027832, -0.6172991394996643],
    [4.714075088500977, -1.6867202520370483, -0.5540136098861694],
    [7.757747650146484, -1.277683138847351, -0.6343150734901428],
    [5.040385723114014, -1.9080640077590942, -0.5904164910316467],
    [5.034128189086914, -1.758213996887207, -0.5748403668403625],
    [2.945641279220581, -2.2790491580963135, -0.5711393356323242],
    [2.957927703857422, -2.309011220932007, -0.5202161073684692],
    [2.921546697616577, -2.3609132766723633, -0.5606231689453125],
    [3.330474853515625, -2.720731258392334, -0.5399692058563232],
    [3.2884740829467773, -2.7963004112243652, -0.557673990726471],
    [3.3882088661193848, -2.7407829761505127, -0.5433801412582397],
    [3.3776888847351074, -2.6627442836761475, -0.5526472330093384],
    [3.427151918411255, -2.5490708351135254, -0.5133087038993835],
    [3.398545265197754, -2.4673759937286377, -0.5293657183647156],
    [3.4753949642181396, -2.4027063846588135, -0.53624427318573],
    [4.1048784255981445, -2.370591640472412, -0.5373679995536804],
    [6.085663318634033, -2.0741183757781982, -0.6434019804000854],
    [4.426727294921875, -2.2308952808380127, -0.6274214386940002],
    [5.771673679351807, -1.9936832189559937, -0.6188287734985352],
    [4.776721954345703, -1.9241704940795898, -0.5667001605033875],
    [8.976580619812012, -1.1594489812850952, -0.659762978553772],
    [7.868940353393555, -1.2611967325210571, -0.6657462120056152],
    [9.703700065612793, -1.101962685585022, -0.5989633798599243],
    [4.929442882537842, -1.7535419464111328, -0.6190675497055054],
    [6.25703239440918, -1.7802225351333618, -0.5698532462120056],
    [3.771561622619629, -2.2041943073272705, -0.5523165464401245],
    [3.6073179244995117, -2.0751209259033203, -0.54291170835495],
    [3.8450589179992676, -2.195657968521118, -0.5760214328765869],
    [3.6330275535583496, -2.3341517448425293, -0.5510120391845703],
    [3.740581512451172, -2.6152503490448, -0.5451483726501465],
    [3.512544631958008, -2.5517044067382812, -0.4503878653049469],
    [3.6892693042755127, -2.634706497192383, -0.5218275785446167],
    [3.4829814434051514, -2.504854202270508, -0.4424395263195038],
    [3.6633975505828857, -2.306175947189331, -0.48488229513168335],
    [3.948521614074707, -2.269522190093994, -0.4920303225517273],
    [4.112979412078857, -2.103834867477417, -0.5568680763244629],
    [4.298897743225098, -2.1203856468200684, -0.5754713416099548],
    [4.289271354675293, -1.9846382141113281, -0.6025993824005127],
    [4.250796318054199, -2.0810599327087402, -0.5328665971755981],
    [4.689372539520264, -2.0147221088409424, -0.5317326784133911],
    [9.385557174682617, -0.7948524355888367, -0.650036633014679],
    [8.07020378112793, -0.915153980255127, -0.6108254194259644],
    [5.092573642730713, -1.7181438207626343, -0.6104186773300171],
    [5.110858917236328, -1.6740831136703491, -0.5873815417289734],
    [3.6052374839782715, -2.1953957080841064, -0.577631413936615],
    [3.740676164627075, -2.2698538303375244, -0.5762752294540405],
    [3.7851879596710205, -2.1213483810424805, -0.6024374961853027],
    [3.9389069080352783, -2.720205307006836, -0.5714277029037476],
    [3.7298219203948975, -2.723804473876953, -0.5597015619277954],
    [3.967564105987549, -2.8773767948150635, -0.4481380879878998],
    [3.8114733695983887, -2.927016258239746, -0.4546941816806793],
    [3.9607858657836914, -2.5251312255859375, -0.4800921678543091],
    [3.9440457820892334, -2.370804786682129, -0.45301446318626404],
    [4.176413059234619, -2.2660038471221924, -0.5261960625648499],
    [4.4269514083862305, -2.160951852798462, -0.532169759273529],
    [4.430156707763672, -2.1054885387420654, -0.5229840278625488],
    [4.468264579772949, -1.9969305992126465, -0.5634292960166931],
    [6.262746810913086, -1.947713851928711, -0.5353179574012756],
    [4.679896354675293, -1.8450469970703125, -0.5180054903030396],
    [11.13882827758789, -0.4585389494895935, -0.5887362957000732],
    [10.44560718536377, -0.5714536309242249, -0.5725947618484497],
    [12.584426879882812, -0.1212020069360733, -0.6934160590171814],
    [4.8726582527160645, -1.6852277517318726, -0.6100682020187378],
    [6.47750186920166, -1.4241652488708496, -0.6262959837913513],
    [3.7115416526794434, -2.068744421005249, -0.6060392260551453],
    [3.793862819671631, -2.0046935081481934, -0.6377459764480591],
    [3.9947092533111572, -2.1791701316833496, -0.6357409358024597],
    [3.845010995864868, -2.570493698120117, -0.6154652237892151],
    [3.971174955368042, -3.0252418518066406, -0.6107402443885803],
    [3.7554383277893066, -3.034163475036621, -0.516690194606781],
    [4.042470455169678, -3.0342955589294434, -0.4900265634059906],
    [4.037883281707764, -2.658311367034912, -0.429681658744812],
    [4.109014511108398, -2.485600709915161, -0.5188418626785278],
    [4.243260383605957, -2.3829002380371094, -0.5300304293632507],
    [4.716374397277832, -2.276021957397461, -0.5686490535736084],
    [4.6483659744262695, -2.1067631244659424, -0.5060598850250244],
    [4.736162185668945, -2.0525712966918945, -0.5387507677078247],
    [4.655026435852051, -1.9266470670700073, -0.504402756690979],
    [5.209044456481934, -1.8724366426467896, -0.5314253568649292],
    [8.036577224731445, -1.3007930517196655, -0.5498330593109131],
    [6.203615665435791, -1.3201701641082764, -0.5610109567642212],
    [5.003637313842773, -1.6237258911132812, -0.576903223991394],
    [5.077566146850586, -1.519155502319336, -0.6098551750183105],
    [3.4609780311584473, -2.1496634483337402, -0.6044698357582092],
    [3.6905765533447266, -2.3641481399536133, -0.6047567129135132],
    [3.7387137413024902, -2.2083656787872314, -0.560419499874115],
    [3.869401454925537, -2.9369683265686035, -0.5770473480224609],
    [3.6388866901397705, -2.968416690826416, -0.6386048793792725],
    [3.995184898376465, -3.280104637145996, -0.6117652058601379],
    [3.8428728580474854, -2.9498562812805176, -0.5790320634841919],
    [4.378896713256836, -2.8699824810028076, -0.4400041103363037],
    [4.324020862579346, -2.2745707035064697, -0.5282765030860901],
    [4.614902019500732, -2.1474287509918213, -0.45296937227249146],
    [4.748212814331055, -1.9889928102493286, -0.4706226587295532],
    [5.047395706176758, -1.7597525119781494, -0.4968445301055908],
    [4.783435344696045, -1.8632919788360596, -0.5558552742004395],
    [9.938837051391602, -0.39723852276802063, -0.558026909828186],
    [4.995044708251953, -1.4786792993545532, -0.52704918384552],
    [15.535341262817383, 1.456303596496582, -0.6207654476165771],
    [11.463323593139648, -0.27372848987579346, -0.5714797377586365],
    [14.488527297973633, 0.5411058068275452, -0.6558202505111694],
    [5.073085308074951, -1.4164643287658691, -0.6140472888946533],
    [6.681451797485352, -1.180367112159729, -0.6075712442398071],
    [3.5688345432281494, -2.072622537612915, -0.6091395020484924],
    [3.518869400024414, -2.0647482872009277, -0.608401358127594],
    [3.5462136268615723, -2.133608341217041, -0.5372051000595093],
    [3.294959306716919, -2.5119664669036865, -0.5577993392944336],
    [3.5555191040039062, -2.793692111968994, -0.6604745388031006],
    [3.2997496128082275, -3.0639238357543945, -0.7007468342781067],
    [3.990551233291626, -2.692577838897705, -0.6763181090354919],
    [4.002263069152832, -2.3425111770629883, -0.506135106086731],
    [4.897817134857178, -2.0904974937438965, -0.6069384813308716],
    [4.624787330627441, -2.007248878479004, -0.5327832698822021],
    [4.978174209594727, -1.6568453311920166, -0.47745612263679504],
    [4.892707824707031, -1.6931935548782349, -0.5112612247467041],
    [4.747579097747803, -1.6354808807373047, -0.5467696189880371],
    [4.8197550773620605, -1.788262963294983, -0.49269726872444153],
    [5.035446643829346, -1.603424072265625, -0.545731782913208],
    [11.982155799865723, 0.5290439128875732, -0.5873792767524719],
    [8.389383316040039, -0.5565711855888367, -0.6954542398452759],
    [5.09576940536499, -1.4530668258666992, -0.6155757308006287],
    [5.165701389312744, -1.4077833890914917, -0.5985940098762512],
    [3.442190170288086, -2.120389699935913, -0.592896580696106],
    [3.6030614376068115, -2.194859027862549, -0.6257292032241821],
    [3.4821484088897705, -2.0792863368988037, -0.6492447853088379],
    [3.484036445617676, -2.4501752853393555, -0.6522104740142822],
    [3.2123749256134033, -2.762519598007202, -0.6829293370246887],
    [3.4142708778381348, -2.9982388019561768, -0.7226950526237488],
    [3.3427224159240723, -2.7364096641540527, -0.7790569067001343],
    [3.819441080093384, -2.26096248626709, -0.709031343460083],
    [4.308701038360596, -1.9498941898345947, -0.6265944838523865],
    [4.511047840118408, -1.8230605125427246, -0.5667837858200073],
    [4.598050117492676, -1.696470856666565, -0.5310476422309875],
    [5.19782829284668, -1.8109097480773926, -0.48169630765914917],
    [4.682610511779785, -1.6317042112350464, -0.5108938217163086],
    [4.911519527435303, -1.7028405666351318, -0.5098627805709839],
    [17.060436248779297, 1.9971847534179688, -0.6269314885139465],
    [13.183670043945312, 0.6105711460113525, -0.6106519103050232],
    [15.776590347290039, 1.5715705156326294, -0.76194828748703],
    [5.1469950675964355, -1.3462544679641724, -0.6728845238685608],
    [6.838991641998291, -1.1000548601150513, -0.6744741201400757],
    [3.7711031436920166, -2.0357894897460938, -0.5845736265182495],
    [3.5187315940856934, -1.9264203310012817, -0.5911434888839722],
    [3.437713146209717, -1.9326610565185547, -0.5730991363525391],
    [2.8684420585632324, -2.3206048011779785, -0.6740230917930603],
    [2.6684651374816895, -2.7389137744903564, -0.6710740923881531],
    [2.9838931560516357, -2.5730655193328857, -0.6962367296218872],
    [3.0503759384155273, -2.3713221549987793, -0.7371879816055298],
    [3.506006956100464, -1.8463103771209717, -0.6599260568618774],
    [4.079529285430908, -1.7665640115737915, -0.7761813998222351],
    [3.9650604724884033, -1.6430201530456543, -0.6586481332778931],
    [4.470737457275391, -1.859376072883606, -0.6962411403656006],
    [4.181870460510254, -1.6139498949050903, -0.5873247981071472],
    [4.387012481689453, -1.5497111082077026, -0.5678677558898926],
    [4.190847396850586, -1.7536696195602417, -0.5317013263702393],
    [4.586233139038086, -1.7348313331604004, -0.5452562570571899],
    [6.370962142944336, -1.1757409572601318, -0.6283262968063354],
    [5.216894149780273, -1.4498521089553833, -0.688370943069458],
    [5.199044227600098, -1.4196209907531738, -0.667741596698761],
    [3.564093828201294, -1.9855862855911255, -0.5698819160461426],
    [3.603081464767456, -2.0019350051879883, -0.5969033241271973],
    [3.3734657764434814, -1.9585206508636475, -0.5462295413017273],
    [3.001253843307495, -2.185879945755005, -0.6493396759033203],
    [3.0256471633911133, -2.5876667499542236, -0.6064601540565491],
    [3.139343500137329, -2.7620179653167725, -0.6918318271636963],
    [3.3461403846740723, -2.4664058685302734, -0.608806848526001],
    [3.7769267559051514, -2.085466146469116, -0.5836381912231445],
    [3.910151481628418, -2.044952154159546, -0.5594555735588074],
    [3.909372091293335, -1.97554612159729, -0.6651535034179688],
    [3.99832820892334, -2.016819477081299, -0.6341204643249512],
    [4.160482406616211, -1.932478666305542, -0.6061981916427612],
    [4.316208362579346, -1.8463530540466309, -0.6073409914970398],
    [4.553999900817871, -1.7770841121673584, -0.5639452934265137],
    [16.38385772705078, 2.297475576400757, -0.630614697933197],
    [14.09162425994873, 0.9421736598014832, -0.6919170022010803],
    [14.809971809387207, 0.9261137247085571, -0.7460065484046936],
    [5.047298908233643, -1.4455132484436035, -0.6660583019256592],
    [5.141148090362549, -1.4662328958511353, -0.7232429385185242],
    [3.9902467727661133, -1.9378736019134521, -0.6062535047531128],
    [3.79259991645813, -1.7685949802398682, -0.5862222909927368],
    [3.539177656173706, -1.9306325912475586, -0.5031176209449768],
    [3.2329258918762207, -2.454164743423462, -0.5682136416435242],
    [2.806617021560669, -2.4534716606140137, -0.6962717175483704],
    [2.9664456844329834, -2.4081673622131348, -0.725841760635376],
    [3.1427955627441406, -2.571768283843994, -0.7185378670692444],
    [3.4764552116394043, -1.9785290956497192, -0.6956529021263123],
    [3.9606146812438965, -2.061382293701172, -0.6430181860923767],
    [3.8580260276794434, -1.7780146598815918, -0.6621273756027222],
    [4.138509750366211, -1.926620602607727, -0.5112534165382385],
    [4.085283279418945, -1.5907901525497437, -0.6003283262252808],
    [4.442188262939453, -1.6173347234725952, -0.5673983097076416],
    [4.192646503448486, -1.7835469245910645, -0.6412113904953003],
    [4.460376262664795, -1.9752135276794434, -0.6507620215415955],
    [12.065593719482422, 0.2802760899066925, -0.6477705240249634],
    [9.651594161987305, -0.7235575914382935, -0.652493953704834],
    [4.965287208557129, -1.5019659996032715, -0.5735065340995789],
    [5.098293304443359, -1.5163030624389648, -0.6497824788093567],
    [5.109067916870117, -1.384142518043518, -0.7095491290092468],
    [3.838005781173706, -1.8128793239593506, -0.6118857860565186],
    [3.7977066040039062, -1.8755621910095215, -0.5560924410820007],
    [3.640576124191284, -1.663649559020996, -0.5476623177528381],
    [3.345024585723877, -2.003197193145752, -0.5568257570266724],
    [3.386066198348999, -2.203634262084961, -0.6613768339157104],
    [3.306548595428467, -2.277979612350464, -0.6922681927680969],
    [3.619962692260742, -2.420759677886963, -0.7415745258331299],
    [3.4818289279937744, -2.0836925506591797, -0.7143862247467041],
    [4.057424545288086, -2.262681007385254, -0.6843526363372803],
    [3.687873125076294, -1.9627381563186646, -0.7491946816444397],
    [3.973788261413574, -2.042433977127075, -0.6416988372802734],
    [3.9201972484588623, -1.9034394025802612, -0.5774000287055969],
    [4.192455768585205, -1.6738258600234985, -0.5675833821296692],
    [4.491631984710693, -1.701857328414917, -0.5532244443893433],
    [14.938926696777344, 0.9588761925697327, -0.7579224109649658],
    [14.03249740600586, 0.3592942953109741, -0.7127705812454224],
    [13.80764389038086, 0.2695881128311157, -0.7858760356903076],
    [5.087353706359863, -1.4685286283493042, -0.6578685641288757],
    [5.10537576675415, -1.430289626121521, -0.6600620746612549],
    [4.068350791931152, -1.768035650253296, -0.5871739983558655],
    [3.9107539653778076, -1.5919679403305054, -0.5902589559555054],
    [3.9067740440368652, -1.6650235652923584, -0.5801769495010376],
    [3.5144364833831787, -1.9248954057693481, -0.5003105401992798],
    [3.229370594024658, -1.8521718978881836, -0.6152821183204651],
    [3.1314680576324463, -1.8597934246063232, -0.6270756125450134],
    [3.4067811965942383, -1.8429988622665405, -0.7472294569015503],
    [3.3012735843658447, -1.5245883464813232, -0.666752815246582],
    [3.213503122329712, -1.900537133216858, -0.7766886353492737],
    [3.429579019546509, -1.61343514919281, -0.7085755467414856],
    [3.404419422149658, -1.9464046955108643, -0.7115422487258911],
    [3.596968650817871, -1.4482556581497192, -0.6318615674972534],
    [3.804054021835327, -1.4201805591583252, -0.6086764335632324],
    [3.986929178237915, -1.493613839149475, -0.5556932091712952],
    [4.248082160949707, -1.7280691862106323, -0.5633432269096375],
    [7.637746334075928, -1.5756757259368896, -0.7246276140213013],
    [7.647915840148926, -1.4811962842941284, -0.6775473952293396],
    [4.720384120941162, -1.5546369552612305, -0.6674472689628601],
    [5.175538063049316, -1.4510383605957031, -0.7357826232910156],
    [5.147121429443359, -1.3324569463729858, -0.6274032592773438],
    [3.9627392292022705, -1.6346662044525146, -0.5259449481964111],
    [4.113427639007568, -1.1927810907363892, -0.5464650988578796],
    [3.6862270832061768, -1.5151031017303467, -0.45668575167655945],
    [3.6553776264190674, -1.2954967021942139, -0.49560919404029846],
    [3.6766951084136963, -1.4024065732955933, -0.4907345771789551],
    [3.950425386428833, -1.3135954141616821, -0.62929368019104],
    [3.715916395187378, -1.2559242248535156, -0.6028408408164978],
    [4.081355571746826, -1.3143576383590698, -0.6178147196769714],
    [3.625148296356201, -1.2474817037582397, -0.6064229011535645],
    [3.7658042907714844, -1.6955348253250122, -0.6012552380561829],
    [3.6617608070373535, -1.374037742614746, -0.5850218534469604],
    [3.9962236881256104, -1.4241503477096558, -0.6120191812515259],
    [4.219783782958984, -1.5804249048233032, -0.580135703086853],
    [13.809596061706543, 0.160153329372406, -0.7660735845565796],
    [13.355992317199707, -0.44957536458969116, -0.8400236964225769],
    [12.22597599029541, -0.5180659890174866, -0.9145520925521851],
    [5.113315105438232, -1.5266954898834229, -0.7640564441680908],
    [5.088852882385254, -1.5049513578414917, -0.6267346143722534],
    [4.226164817810059, -1.5404525995254517, -0.5668159127235413],
    [4.3796892166137695, -1.1829203367233276, -0.495522141456604],
    [4.397805690765381, -0.9979788661003113, -0.5445683598518372],
    [4.210361957550049, -0.8396406769752502, -0.4848378896713257],
    [4.096177577972412, -0.6684849858283997, -0.5322064161300659],
    [3.9628705978393555, -0.6283372044563293, -0.4643525779247284],
    [4.403271198272705, -0.4807998239994049, -0.6226544976234436],
    [4.046414375305176, -0.433173805475235, -0.5484353303909302],
    [4.322056293487549, -0.49384748935699463, -0.551871120929718],
    [3.908051013946533, -0.4538743793964386, -0.49634718894958496],
    [4.055000305175781, -0.6396194100379944, -0.5103535056114197],
    [3.810485363006592, -0.5622831583023071, -0.4514109194278717],
    [3.7534821033477783, -0.4917771816253662, -0.5178638696670532],
    [3.674868583679199, -0.9590535759925842, -0.5272635817527771],
    [3.86802077293396, -1.2681262493133545, -0.5959068536758423],
    [10.242979049682617, -0.6066758632659912, -0.6846222281455994],
    [7.49785041809082, -1.7266080379486084, -0.72255939245224],
    [4.664369106292725, -1.822179913520813, -0.6994841694831848],
    [5.198000431060791, -1.6302390098571777, -0.7244877219200134],
    [5.274991035461426, -1.5530931949615479, -0.6521989107131958],
    [4.113744258880615, -1.4978514909744263, -0.5961632132530212],
    [4.344474792480469, -1.3416603803634644, -0.5170038938522339],
    [4.389744758605957, -0.823183536529541, -0.6088752746582031],
    [4.2377705574035645, -1.133263349533081, -0.5837269425392151],
    [4.047539710998535, -1.1268924474716187, -0.6131325364112854],
    [4.056529998779297, -1.1041862964630127, -0.5364057421684265],
    [4.023964881896973, -0.8753440976142883, -0.6175379753112793],
    [4.178857326507568, -0.8739527463912964, -0.6065154075622559],
    [4.211651802062988, -1.0368294715881348, -0.580556333065033],
    [4.159196853637695, -0.7250908017158508, -0.5264542698860168],
    [3.4763360023498535, -0.8092095851898193, -0.5055558681488037],
    [3.9868671894073486, -0.8896729946136475, -0.49951693415641785],
    [4.069661617279053, -1.0480705499649048, -0.5686284303665161],
    [12.068992614746094, -0.18422849476337433, -0.730694055557251],
    [11.454496383666992, -0.7866058945655823, -0.6986315250396729],
    [11.167989730834961, -0.8917279243469238, -0.723352313041687],
    [5.2200422286987305, -1.695980191230774, -0.694482684135437],
    [5.277215480804443, -1.5527446269989014, -0.6664336919784546],
    [4.484152317047119, -1.5979588031768799, -0.5792321562767029],
    [4.543386936187744, -1.3983036279678345, -0.5940126180648804],
    [4.526806354522705, -1.3880258798599243, -0.607192873954773],
    [4.435605525970459, -1.1686244010925293, -0.5982273817062378],
    [4.0648579597473145, -1.3485045433044434, -0.6481975317001343],
    [4.066655158996582, -1.276634931564331, -0.5818924903869629],
    [3.9485182762145996, -1.2753082513809204, -0.5856430530548096],
    [4.1268110275268555, -1.3233708143234253, -0.5982913970947266],
    [3.873358964920044, -1.5184946060180664, -0.6556047201156616],
    [4.1642165184021, -1.264953374862671, -0.6330077648162842],
    [3.5431969165802, -1.6801427602767944, -0.67836594581604],
    [4.0213093757629395, -1.2042113542556763, -0.6040073037147522],
    [2.8304214477539062, -1.5974558591842651, -0.6022584438323975],
    [4.0410614013671875, -1.0843279361724854, -0.5534786581993103],
    [3.191751480102539, -1.5648646354675293, -0.5646141171455383],
    [6.004159927368164, -2.0187604427337646, -0.7123914957046509],
    [4.982804775238037, -1.91709303855896, -0.7327189445495605],
    [5.359179973602295, -1.709879755973816, -0.7121501564979553],
    [5.361335277557373, -1.652359962463379, -0.7057430744171143],
    [4.704705238342285, -1.818467140197754, -0.6432988047599792],
    [4.607156753540039, -1.582016110420227, -0.6330576539039612],
    [4.7223968505859375, -1.4981837272644043, -0.6642377972602844],
    [4.531652450561523, -1.693858027458191, -0.6580772399902344],
    [4.5904951095581055, -1.683526873588562, -0.701844334602356],
    [4.449525356292725, -1.8583312034606934, -0.7211539149284363],
    [4.724478721618652, -1.7520482540130615, -0.7051898837089539],
    [4.528442859649658, -1.906504511833191, -0.6966038346290588],
    [4.693148612976074, -1.984910249710083, -0.7034355998039246],
    [4.4213762283325195, -2.042154550552368, -0.7315673828125],
    [4.469369888305664, -2.1047720909118652, -0.6950838565826416],
    [4.181302070617676, -2.2982115745544434, -0.7149571180343628],
    [4.427560806274414, -1.8631032705307007, -0.7225251197814941],
    [4.1638407707214355, -1.5558778047561646, -0.6670531034469604],
    [6.29628324508667, -1.8795289993286133, -0.7103610634803772],
    [6.286901950836182, -1.9274412393569946, -0.6599923372268677],
    [6.213455677032471, -1.5537910461425781, -0.6767033338546753],
    [5.402329444885254, -1.6634681224822998, -0.6418243050575256],
    [5.403149604797363, -1.6476819515228271, -0.6397181153297424]
]
