[
    [4.404426097869873, -1.7113444805145264, -0.5585380792617798],
    [4.091062545776367, -1.50175142288208, -0.6022036075592041],
    [5.3314971923828125, -1.2148518562316895, -0.5343925952911377],
    [5.26127290725708, -1.3336237668991089, -0.6522307991981506],
    [5.297672748565674, -1.2870395183563232, -0.6156787276268005],
    [4.51889181137085, -1.74490225315094, -0.5836849212646484],
    [4.5291972160339355, -1.5933353900909424, -0.5541564226150513],
    [4.437728404998779, -1.6145350933074951, -0.5671462416648865],
    [4.469926357269287, -1.7079031467437744, -0.5773628354072571],
    [4.44871711730957, -1.552398681640625, -0.5483194589614868],
    [4.48969841003418, -1.6137092113494873, -0.5640071630477905],
    [4.430910110473633, -1.528855323791504, -0.5977429747581482],
    [3.586073398590088, -1.7251356840133667, -0.5847215056419373],
    [4.277760028839111, -2.399812936782837, -0.49043941497802734],
    [5.861915111541748, -0.9837573766708374, -0.5458424091339111],
    [5.353430271148682, -1.4010508060455322, -0.630158007144928],
    [5.235302925109863, -1.4119516611099243, -0.5520500540733337],
    [4.372880458831787, -1.7728232145309448, -0.5871792435646057],
    [4.382894039154053, -1.6567586660385132, -0.5572474002838135],
    [4.3912434577941895, -1.479445219039917, -0.5640011429786682],
    [4.233543395996094, -1.3851784467697144, -0.5120506286621094],
    [4.791415214538574, -1.1348676681518555, -0.5721465349197388],
    [5.500873565673828, -1.1599295139312744, -0.5426117181777954],
    [5.289660930633545, -1.2911458015441895, -0.644539475440979],
    [5.451071262359619, -1.216376781463623, -0.587408185005188],
    [4.2572784423828125, -1.8762032985687256, -0.6071068644523621],
    [4.202609062194824, -1.7174230813980103, -0.5673332810401917],
    [4.364027976989746, -1.7876030206680298, -0.5756133794784546],
    [4.128666400909424, -1.7490146160125732, -0.5233940482139587],
    [4.24031925201416, -1.398349404335022, -0.5534415245056152],
    [4.296621799468994, -1.2999422550201416, -0.5721945762634277],
    [4.163747310638428, -1.1630381345748901, -0.6025470495223999],
    [4.798913478851318, -0.7629595398902893, -0.692411482334137],
    [3.3941256999969482, -1.6609693765640259, -0.5426954627037048],
    [3.9417812824249268, -1.851176142692566, -0.5467588305473328],
    [3.0833511352539062, 2.8626322746276855, -0.4785843789577484],
    [7.065990447998047, -0.2657700181007385, -0.5566989183425903],
    [5.47682523727417, -1.3389190435409546, -0.5943693518638611],
    [5.409504413604736, -1.2065231800079346, -0.5930836796760559],
    [4.120270252227783, -1.8608759641647339, -0.5824130177497864],
    [4.021255016326904, -1.7129653692245483, -0.5537381172180176],
    [4.290728569030762, -1.4540703296661377, -0.6051149964332581],
    [4.546993255615234, -0.9891654849052429, -0.5873317122459412],
    [4.001542568206787, -1.0523186922073364, -0.5073173642158508],
    [7.920361042022705, 1.392279863357544, -0.6300034523010254],
    [4.770200729370117, 4.160560131072998, -0.555809497833252],
    [8.601005554199219, 4.221743583679199, -0.6834180355072021],
    [5.311656475067139, -1.2286529541015625, -0.5770582556724548],
    [5.479989528656006, -1.117124319076538, -0.5941689610481262],
    [4.0600266456604, -1.8644213676452637, -0.5856565833091736],
    [4.076870441436768, -1.3737928867340088, -0.5715591311454773],
    [4.708073139190674, -0.8289163708686829, -0.6407178044319153],
    [4.47717809677124, -0.7547037601470947, -0.6240698099136353],
    [4.7701735496521, -0.8484696745872498, -0.6312825679779053],
    [4.149050712585449, -0.7171798348426819, -0.5777183175086975],
    [4.368767738342285, -0.9530535936355591, -0.5470011830329895],
    [5.39003324508667, -0.18823812901973724, -0.559080183506012],
    [5.211311340332031, -0.9528917670249939, -0.5246164798736572],
    [5.82097864151001, 4.937090873718262, -0.6280728578567505],
    [3.610733985900879, 2.9375879764556885, -0.5114504098892212],
    [8.152505874633789, 0.8869289755821228, -0.6597039699554443],
    [5.465417385101318, -1.3407137393951416, -0.6063807010650635],
    [5.496973991394043, -1.1407963037490845, -0.6304659247398376],
    [3.7803993225097656, -1.9123928546905518, -0.625891923904419],
    [4.778741836547852, -1.1898448467254639, -0.674054741859436],
    [5.138759613037109, -0.9740628004074097, -0.6273336410522461],
    [4.825005531311035, -0.8430765867233276, -0.569194495677948],
    [4.855538368225098, -0.5547749400138855, -0.5628651976585388],
    [6.441296100616455, -0.07359457015991211, -0.5997751355171204],
    [6.406859874725342, -0.6377385854721069, -0.6813629269599915],
    [5.493258953094482, -1.2595618963241577, -0.6766345500946045],
    [5.606869220733643, -1.164223074913025, -0.628309428691864],
    [3.901649236679077, -1.7606922388076782, -0.6159063577651978],
    [4.433016300201416, -1.367759108543396, -0.5915053486824036],
    [4.7981743812561035, -0.8960211873054504, -0.6388744115829468],
    [4.774682998657227, -0.5144228935241699, -0.6389742493629456],
    [5.329357147216797, -0.5091787576675415, -0.6575281023979187],
    [4.705760478973389, -0.08520875871181488, -0.5933883190155029],
    [5.104731559753418, -0.37463879585266113, -0.6039556264877319],
    [7.699665546417236, 2.9116945266723633, -0.4736601710319519],
    [5.68979024887085, -0.7107039093971252, -0.5708704590797424],
    [7.646473407745361, 2.3902089595794678, -0.45924627780914307],
    [4.98577880859375, 3.4681406021118164, -0.544486939907074],
    [8.28274154663086, 0.9837272763252258, -0.5511613488197327],
    [5.630160331726074, -1.2396233081817627, -0.6760348081588745],
    [5.585022926330566, -1.136001467704773, -0.6329357028007507],
    [3.749890089035034, -1.5875244140625, -0.614595353603363],
    [3.699324369430542, -2.104644775390625, -0.6654056310653687],
    [4.889490127563477, -1.1701349020004272, -0.6284312605857849],
    [5.042656421661377, -0.5471128821372986, -0.6685289740562439],
    [5.304824352264404, -0.6157107949256897, -0.6842105984687805],
    [5.432074546813965, -0.3150234520435333, -0.6668541431427002],
    [4.883007526397705, -0.6590189933776855, -0.6652779579162598],
    [5.254723072052002, -0.36647364497184753, -0.6073744297027588],
    [5.632993698120117, -0.5783821940422058, -0.5464527606964111],
    [8.734342575073242, 3.2044241428375244, -0.6342139840126038],
    [8.220836639404297, 4.648573875427246, -0.6664714217185974],
    [7.955142021179199, 0.9238286018371582, -0.6868119835853577],
    [5.594607830047607, -1.1234945058822632, -0.6899797320365906],
    [5.6815385818481445, -1.0780359506607056, -0.6473560333251953],
    [3.9447107315063477, -1.3896784782409668, -0.6461724638938904],
    [4.0611162185668945, -1.4470512866973877, -0.6305446028709412],
    [5.145846366882324, -0.8648907542228699, -0.632207989692688],
    [5.319664478302002, -0.2434958517551422, -0.6768445372581482],
    [5.558846473693848, -0.21890735626220703, -0.6873632073402405],
    [4.9833903312683105, 0.06608299911022186, -0.6448155045509338],
    [5.437088966369629, -0.40993595123291016, -0.6803999543190002],
    [7.210114002227783, 2.455803155899048, -0.5551656484603882],
    [5.86055326461792, -0.5319467186927795, -0.5545138716697693],
    [8.334037780761719, 2.787238836288452, -0.46434712409973145],
    [6.705557823181152, 3.7499303817749023, -0.5020405650138855],
    [8.651473045349121, 1.6035737991333008, -0.5883160829544067],
    [5.593694686889648, -1.1636332273483276, -0.6627969145774841],
    [5.480406761169434, -1.116956353187561, -0.6297452449798584],
    [4.147445201873779, -1.4411166906356812, -0.6471702456474304],
    [3.826674461364746, -1.3907530307769775, -0.6191092729568481],
    [5.029569625854492, -1.2406363487243652, -0.7045853734016418],
    [5.263559818267822, -0.4465629458427429, -0.6566109657287598],
    [5.471776962280273, -0.35263168811798096, -0.6835570335388184],
    [5.596177101135254, -0.17911623418331146, -0.6847839951515198],
    [5.410808563232422, -0.6045328378677368, -0.68152916431427],
    [5.464488983154297, -0.25544270873069763, -0.6294496059417725],
    [5.904552459716797, -0.5702275037765503, -0.5970817804336548],
    [6.530843257904053, -0.40441474318504333, -0.5492415428161621],
    [5.276412010192871, -1.6407620906829834, -0.48503032326698303],
    [6.249767780303955, -0.7404987215995789, -0.5469141006469727],
    [5.556643009185791, -1.2057346105575562, -0.6388105750083923],
    [5.63614559173584, -1.144684910774231, -0.6294084787368774],
    [4.10615348815918, -1.356183409690857, -0.6521045565605164],
    [4.023179531097412, -1.312057614326477, -0.6191608309745789],
    [3.4024980068206787, -1.4605684280395508, -0.5455023050308228],
    [3.380849838256836, -1.4448434114456177, -0.5768638253211975],
    [5.046028137207031, -1.1921746730804443, -0.7256441116333008],
    [5.679257392883301, -0.18354743719100952, -0.6977570652961731],
    [5.871059417724609, 0.040022991597652435, -0.6957114338874817],
    [5.243307113647461, 0.3047841191291809, -0.6832318305969238],
    [5.272431373596191, -0.33914512395858765, -0.695120096206665],
    [8.228742599487305, 4.951053142547607, -0.5706353187561035],
    [5.916618824005127, -0.6831286549568176, -0.5379707217216492],
    [8.553510665893555, 3.7544448375701904, -0.4084220826625824],
    [6.9616193771362305, 4.4102044105529785, -0.49891147017478943],
    [9.215920448303223, 2.1326045989990234, -0.4487147033214569],
    [5.603376388549805, -1.2112468481063843, -0.672500729560852],
    [5.433372974395752, -1.1473027467727661, -0.6176309585571289],
    [4.381996154785156, -1.2635732889175415, -0.6624695658683777],
    [4.177536487579346, -1.2390936613082886, -0.6333613991737366],
    [3.635223150253296, -1.173410177230835, -0.5698856115341187],
    [4.762674808502197, -0.851853609085083, -0.7533214688301086],
    [5.457946300506592, -0.10159076750278473, -0.6651461720466614],
    [5.603816986083984, -0.12998850643634796, -0.6906383633613586],
    [4.888772487640381, -0.5673430562019348, -0.6801584362983704],
    [5.514025688171387, -0.4615907669067383, -0.6219387650489807],
    [6.002161026000977, -0.5528005957603455, -0.5857416987419128],
    [9.504058837890625, 4.413158893585205, -0.5223712921142578],
    [7.71514892578125, 5.081172466278076, -0.6002665758132935],
    [7.125606536865234, -0.13630715012550354, -0.5579158067703247],
    [5.506054401397705, -1.2273000478744507, -0.6968113780021667],
    [5.636165142059326, -1.1492842435836792, -0.6751102805137634],
    [4.44222354888916, -1.257433295249939, -0.6823015213012695],
    [4.229220867156982, -1.252835988998413, -0.6511631011962891],
    [3.7279069423675537, -1.1218268871307373, -0.6106058955192566],
    [3.41788387298584, -1.013152837753296, -0.6386703848838806],
    [3.470301389694214, -1.230517029762268, -0.6647736430168152],
    [4.031661510467529, -1.4700818061828613, -0.7238463163375854],
    [5.244982719421387, -0.9310156106948853, -0.633676290512085],
    [5.7452898025512695, 0.007163748145103455, -0.7614806294441223],
    [5.0993123054504395, 0.16149532794952393, -0.666045069694519],
    [5.183314323425293, -0.33798280358314514, -0.7238981127738953],
    [8.039095878601074, 4.502467632293701, -0.5664023160934448],
    [5.822524070739746, -0.9816216826438904, -0.5557395815849304],
    [9.409366607666016, 4.853471279144287, -0.344825804233551],
    [8.160467147827148, 4.9467291831970215, -0.4741242229938507],
    [10.05899429321289, 2.561833143234253, -0.5981452465057373],
    [5.484321594238281, -1.3039004802703857, -0.6995646953582764],
    [5.385767936706543, -1.128190517425537, -0.6482980847358704],
    [4.696534633636475, -1.4563485383987427, -0.6528670787811279],
    [4.54175329208374, -1.271416425704956, -0.6524925231933594],
    [3.773418426513672, -0.7301788926124573, -0.6406427621841431],
    [5.162417411804199, -0.8691920638084412, -0.7362155318260193],
    [5.387338161468506, -0.08428981900215149, -0.687664806842804],
    [5.43238639831543, -0.2995675206184387, -0.6131371855735779],
    [5.337701320648193, -0.5048408508300781, -0.6134489178657532],
    [5.875609397888184, -0.6357108354568481, -0.5213155150413513],
    [6.733180046081543, -0.8763877749443054, -0.5554805397987366],
    [5.777571201324463, -1.9265108108520508, -0.5218903422355652],
    [6.201160430908203, -0.966354489326477, -0.5589613914489746],
    [5.434326648712158, -1.2865290641784668, -0.6620715856552124],
    [5.514720439910889, -1.2240855693817139, -0.6621097922325134],
    [4.735554218292236, -1.368575930595398, -0.6466671824455261],
    [4.454239845275879, -1.4150880575180054, -0.5862746834754944],
    [4.444064140319824, -0.6402530074119568, -0.6342945694923401],
    [4.072054386138916, -1.1580559015274048, -0.6135495901107788],
    [3.551380157470703, -0.9179506301879883, -0.6354354023933411],
    [3.662761688232422, -0.9095891714096069, -0.6491988897323608],
    [4.1783671379089355, -0.8847890496253967, -0.6568658947944641],
    [4.73775053024292, -1.2038676738739014, -0.7819377779960632],
    [5.064684867858887, -0.040766000747680664, -0.6098214983940125],
    [5.23399019241333, -0.2869640588760376, -0.6296346187591553],
    [7.350553512573242, 3.7281389236450195, -0.4649246633052826],
    [5.839064121246338, -1.1303718090057373, -0.537791907787323],
    [9.320008277893066, 4.931333541870117, -0.36276429891586304],
    [8.459267616271973, 5.3697099685668945, -0.47378918528556824],
    [9.969103813171387, 2.5643231868743896, -0.5031956434249878],
    [5.381652355194092, -1.3518859148025513, -0.6947181820869446],
    [5.249647617340088, -1.175342082977295, -0.6458578705787659],
    [4.58742618560791, -1.343017816543579, -0.5977560877799988],
    [4.697415351867676, -1.2796480655670166, -0.526581883430481],
    [4.314015865325928, -0.7082090377807617, -0.5828519463539124],
    [3.629488468170166, -0.18930841982364655, -0.6118371486663818],
    [4.026093482971191, 0.1434706598520279, -0.5719196200370789],
    [3.9272592067718506, -0.32841676473617554, -0.5195721387863159],
    [4.353224277496338, -0.20921841263771057, -0.6238187551498413],
    [5.195920467376709, -0.1985349953174591, -0.5502453446388245],
    [4.892056465148926, -0.2530650198459625, -0.538761556148529],
    [5.475266933441162, -0.4908719062805176, -0.5069371461868286],
    [8.640046119689941, 4.480184078216553, -0.4887479841709137],
    [6.167168140411377, 4.390573024749756, -0.6368027925491333],
    [5.727970123291016, -1.1507835388183594, -0.5506360530853271],
    [5.420534610748291, -1.3366514444351196, -0.6944568157196045],
    [5.566734790802002, -1.2653969526290894, -0.6301321983337402],
    [4.618494510650635, -1.3708808422088623, -0.6247202157974243],
    [4.644883632659912, -1.3955639600753784, -0.5372787714004517],
    [4.728493690490723, -0.6985207200050354, -0.6099812388420105],
    [4.506454944610596, -0.8197258114814758, -0.6286999583244324],
    [4.090211391448975, -0.870525598526001, -0.4964223802089691],
    [3.74706768989563, 3.121838331222534, -0.4546220898628235],
    [4.521636009216309, -0.33552610874176025, -0.621513843536377],
    [5.066465377807617, -0.2704263925552368, -0.5929723978042603],
    [7.390919208526611, 4.741329669952393, -0.5212819576263428],
    [5.351663589477539, -0.8542180061340332, -0.5474414229393005],
    [8.877055168151855, 5.48068904876709, -0.5202715396881104],
    [8.890777587890625, 4.525806903839111, -0.5899522304534912],
    [9.736100196838379, 3.5230484008789062, -0.5453207492828369],
    [5.372260093688965, -1.3922033309936523, -0.6592954397201538],
    [5.374184608459473, -1.2752193212509155, -0.5954936146736145],
    [4.73500394821167, -1.5460752248764038, -0.6053110957145691],
    [4.749978542327881, -1.4823791980743408, -0.6214892268180847],
    [4.467347145080566, -1.0116151571273804, -0.6372066140174866],
    [3.8103930950164795, -0.9397732019424438, -0.6115856766700745],
    [3.738553047180176, -1.1645824909210205, -0.6073621511459351],
    [4.622749328613281, -1.091960072517395, -0.7039344310760498],
    [4.943390846252441, -0.29758158326148987, -0.6691480875015259],
    [5.278478145599365, -0.5017042756080627, -0.6439433693885803],
    [5.048456192016602, -0.2917153835296631, -0.6225321292877197],
    [5.716836452484131, -1.0478363037109375, -0.6442565321922302],
    [5.848340034484863, -1.7832484245300293, -0.6038342118263245],
    [5.325078964233398, -1.4954169988632202, -0.6115012764930725],
    [5.407969951629639, -1.3517838716506958, -0.6810286641120911],
    [5.425457954406738, -1.1775636672973633, -0.5705299377441406],
    [4.849040985107422, -1.8605682849884033, -0.6567438244819641],
    [4.65406608581543, -1.9256666898727417, -0.6923477053642273],
    [4.319339752197266, -2.0694236755371094, -0.7367159724235535],
    [4.253583908081055, -1.9123553037643433, -0.6631441712379456],
    [4.296700477600098, -2.0738768577575684, -0.6467726230621338],
    [4.833446979522705, -1.6797391176223755, -0.763094425201416],
    [5.399524211883545, -0.5941377282142639, -0.7133779525756836],
    [5.141298294067383, -1.539564609527588, -0.7209588885307312],
    [5.23492956161499, -0.7151558995246887, -0.6931756734848022],
    [5.857489109039307, -1.6446616649627686, -0.7436544299125671],
    [5.791359901428223, -1.4940214157104492, -0.7166364789009094],
    [6.053347110748291, -1.3910597562789917, -0.7424414753913879],
    [5.45100736618042, -1.3701280355453491, -0.7121269106864929],
    [5.469578266143799, -1.5092586278915405, -0.6796330213546753],
    [4.357938766479492, -1.6053465604782104, -0.5476639270782471],
    [4.3939690589904785, -1.572235107421875, -0.5803816318511963],
    [2.2005484104156494, -2.234417200088501, -0.5046122670173645],
    [4.363101482391357, -1.8070154190063477, -0.5448809862136841],
    [1.5946344137191772, -2.3250677585601807, -0.5293970108032227],
    [3.8752098083496094, -1.5112251043319702, -0.5442581176757812],
    [2.266732692718506, -2.0878207683563232, -0.5498017072677612],
    [3.2453956604003906, -1.6643697023391724, -0.5697787404060364],
    [1.6543381214141846, -2.1600594520568848, -0.5031113624572754],
    [3.309779644012451, -1.8818426132202148, -0.5565084218978882],
    [4.093521595001221, -1.3540849685668945, -0.5738012790679932],
    [3.819978713989258, -1.691634178161621, -0.5188877582550049],
    [5.275424480438232, -1.1296712160110474, -0.532442569732666],
    [5.2579145431518555, -1.2833633422851562, -0.6301053762435913],
    [4.500992298126221, -1.6716017723083496, -0.5792891383171082],
    [4.488651752471924, -1.5873758792877197, -0.5354296565055847],
    [4.389227867126465, -1.5653115510940552, -0.5750348567962646],
    [4.367368221282959, -1.566887378692627, -0.5582106709480286],
    [4.413273811340332, -1.6783552169799805, -0.520266056060791],
    [4.417710781097412, -1.6471627950668335, -0.5728909373283386],
    [4.518214225769043, -1.65589439868927, -0.5284515023231506],
    [4.420690059661865, -1.463780403137207, -0.5444818735122681],
    [4.4705810546875, -1.5687837600708008, -0.5623695254325867],
    [4.420992851257324, -1.4917007684707642, -0.5719900727272034],
    [4.096014976501465, -1.6180976629257202, -0.5690941214561462],
    [3.5587375164031982, -1.7236652374267578, -0.5673530697822571],
    [3.2569210529327393, -1.8678826093673706, -0.5675750374794006],
    [2.5766921043395996, -2.2003231048583984, -0.5629010796546936],
    [3.4794459342956543, -1.846727728843689, -0.5268808603286743],
    [3.831021308898926, -1.7870224714279175, -0.4979950785636902],
    [4.26002836227417, -1.9802402257919312, -0.5002459287643433],
    [5.736679553985596, -1.0206340551376343, -0.5328137874603271],
    [5.3138837814331055, -1.325061321258545, -0.6323663592338562],
    [5.2300028800964355, -1.4057953357696533, -0.5595107674598694],
    [4.355070114135742, -1.7394237518310547, -0.5837916731834412],
    [4.362428188323975, -1.5976502895355225, -0.5433067679405212],
    [4.301693916320801, -1.4933745861053467, -0.5766589641571045],
    [4.336021423339844, -1.421141266822815, -0.5595076084136963],
    [4.2619147300720215, -1.6460449695587158, -0.5850580334663391],
    [4.234628200531006, -1.4775398969650269, -0.5110006332397461],
    [4.327363967895508, -1.653727650642395, -0.5269133448600769],
    [4.15782356262207, -1.3393210172653198, -0.5004620552062988],
    [4.250033855438232, -1.63949453830719, -0.5628007054328918],
    [4.061878204345703, -1.530296802520752, -0.5459263920783997],
    [4.15620231628418, -1.662024974822998, -0.6222132444381714],
    [3.9575774669647217, -1.3869155645370483, -0.6075588464736938],
    [3.88900089263916, -1.6218255758285522, -0.6152034401893616],
    [3.670464515686035, -1.3523832559585571, -0.5281528234481812],
    [4.708364009857178, -1.090888500213623, -0.5468660593032837],
    [5.568890571594238, -1.1236388683319092, -0.5432747602462769],
    [5.3248114585876465, -1.206145167350769, -0.6119185090065002],
    [5.427093982696533, -1.1509373188018799, -0.5835440158843994],
    [4.15869140625, -1.724399209022522, -0.55933678150177],
    [4.3249077796936035, -1.6031533479690552, -0.5998690724372864],
    [4.3097004890441895, -1.7895658016204834, -0.5590180158615112],
    [4.173056602478027, -1.7388590574264526, -0.5874428153038025],
    [4.03301477432251, -1.7107466459274292, -0.527030885219574],
    [4.1398820877075195, -1.745740532875061, -0.5225062966346741],
    [4.231179237365723, -1.3479816913604736, -0.5316135883331299],
    [4.282584190368652, -1.1907618045806885, -0.5544373393058777],
    [4.126706600189209, -1.1341431140899658, -0.5585989952087402],
    [4.145649433135986, -1.284873604774475, -0.6141553521156311],
    [4.839704513549805, -0.6846556663513184, -0.5975977778434753],
    [3.882920026779175, -1.4143389463424683, -0.5544341206550598],
    [3.304867744445801, -1.6794965267181396, -0.5092875957489014],
    [3.674077033996582, -1.7781126499176025, -0.57000732421875],
    [3.185859203338623, -2.034310817718506, -0.5615532994270325],
    [3.8357582092285156, -1.6165581941604614, -0.5144982933998108],
    [6.067338943481445, -0.6962862014770508, -0.5558621287345886],
    [5.44229793548584, -1.2459418773651123, -0.602676272392273],
    [5.386002540588379, -1.2099777460098267, -0.6047157645225525],
    [4.112847328186035, -1.880191683769226, -0.5565235018730164],
    [4.0948896408081055, -1.796630859375, -0.5688233375549316],
    [4.182333469390869, -1.7867212295532227, -0.5699447989463806],
    [3.9801738262176514, -1.696615219116211, -0.5664718151092529],
    [3.840029239654541, -1.5658947229385376, -0.5209105610847473],
    [3.7983851432800293, -1.549534797668457, -0.44672891497612],
    [3.845978260040283, -1.5560334920883179, -0.5126228928565979],
    [4.272006034851074, -1.2824524641036987, -0.555609405040741],
    [4.459155559539795, -1.017203688621521, -0.558625340461731],
    [4.428072929382324, -0.9985076785087585, -0.5611342787742615],
    [4.0131001472473145, -1.2910798788070679, -0.5642658472061157],
    [4.132879734039307, -1.0987170934677124, -0.5380037426948547],
    [3.90971302986145, -0.9531043767929077, -0.47799113392829895],
    [7.5925374031066895, 1.3318543434143066, -0.5943740606307983],
    [3.2510292530059814, -1.5525585412979126, -0.5629973411560059],
    [8.110039710998535, 1.3427313566207886, -0.6506180763244629],
    [5.324953556060791, -1.1675455570220947, -0.5492100715637207],
    [4.043665409088135, -1.835561752319336, -0.5883164405822754],
    [4.053818225860596, -1.8544503450393677, -0.5853325128555298],
    [3.9055376052856445, -1.8285917043685913, -0.6284563541412354],
    [3.9107723236083984, -1.853944182395935, -0.5750979781150818],
    [3.7020175457000732, -1.7824913263320923, -0.5566458702087402],
    [3.6160054206848145, -1.696174144744873, -0.4847755432128906],
    [3.622507333755493, -1.9737391471862793, -0.4649345874786377],
    [4.033616065979004, -1.3513810634613037, -0.5397565960884094],
    [4.756837368011475, -1.0175931453704834, -0.6186756491661072],
    [4.494051456451416, -0.7073065638542175, -0.5577297210693359],
    [4.90141487121582, -0.8926817178726196, -0.5847172737121582],
    [4.22303581237793, -0.6611319780349731, -0.49673041701316833],
    [4.468748569488525, -0.8485838174819946, -0.525638222694397],
    [5.30061674118042, -0.1373605728149414, -0.5055254101753235],
    [5.26906156539917, -0.9584876298904419, -0.5366783142089844],
    [7.303750991821289, 0.6300632357597351, -0.5993800163269043],
    [4.605713844299316, -1.8793669939041138, -0.47791779041290283],
    [7.364651679992676, 0.37881797552108765, -0.6380431056022644],
    [5.440182685852051, -1.263202428817749, -0.6155135035514832],
    [5.500961780548096, -1.1272019147872925, -0.6342365741729736],
    [3.9048585891723633, -1.9055830240249634, -0.6141420602798462],
    [3.7677860260009766, -1.8422693014144897, -0.6137246489524841],
    [3.6804251670837402, -1.8681983947753906, -0.6213358640670776],
    [3.5567514896392822, -1.8218308687210083, -0.6168667674064636],
    [3.601331949234009, -1.6604002714157104, -0.6723936200141907],
    [3.2134695053100586, -1.8643981218338013, -0.613368034362793],
    [3.4014084339141846, -2.1139438152313232, -0.5279576778411865],
    [3.9822511672973633, -1.7670999765396118, -0.5392947793006897],
    [4.799372673034668, -1.1377936601638794, -0.6416960954666138],
    [4.7661848068237305, -0.7314805388450623, -0.6001940369606018],
    [4.931796550750732, -0.8031257390975952, -0.5559556484222412],
    [4.807034015655518, -0.4957556128501892, -0.5140966176986694],
    [6.1901326179504395, -0.1524195373058319, -0.5271497368812561],
    [6.364248752593994, -0.6084360480308533, -0.6405929923057556],
    [5.508510589599609, -1.1920881271362305, -0.6386986374855042],
    [3.9208407402038574, -1.8068294525146484, -0.6120409965515137],
    [3.4269964694976807, -1.8027092218399048, -0.5536805391311646],
    [3.5695841312408447, -1.832724690437317, -0.5883628129959106],
    [3.521501064300537, -1.829083800315857, -0.6757189631462097],
    [3.4026401042938232, -1.9905765056610107, -0.6938454508781433],
    [3.4951095581054688, -2.38002347946167, -0.650496780872345],
    [4.4630537033081055, -1.321038007736206, -0.5436760783195496],
    [4.975438594818115, -1.0569711923599243, -0.6092979907989502],
    [4.831714153289795, -0.6087261438369751, -0.5791462063789368],
    [5.40891170501709, -0.6048974990844727, -0.6092308163642883],
    [4.788351535797119, -0.11121903359889984, -0.5069095492362976],
    [5.305438041687012, -0.3289862275123596, -0.572096586227417],
    [7.546095848083496, 2.6032228469848633, -0.47171056270599365],
    [5.801914691925049, -0.7243586182594299, -0.5549082159996033],
    [7.572023391723633, 1.3163113594055176, -0.43544816970825195],
    [5.308938026428223, -0.7597970962524414, -0.5338135957717896],
    [7.611876487731934, 0.16051431000232697, -0.5350872278213501],
    [5.6078572273254395, -1.163482427597046, -0.6728766560554504],
    [5.556426525115967, -1.100198745727539, -0.6259456872940063],
    [3.98427152633667, -1.6055546998977661, -0.6234210729598999],
    [3.700634002685547, -1.5347412824630737, -0.5992674827575684],
    [3.3826229572296143, -1.732826828956604, -0.5323352813720703],
    [3.3356428146362305, -1.9327592849731445, -0.5601333975791931],
    [3.4597725868225098, -1.8275988101959229, -0.675657331943512],
    [3.138216972351074, -1.957350492477417, -0.68827223777771],
    [3.4253487586975098, -2.5381381511688232, -0.7047184705734253],
    [3.9133565425872803, -1.7241843938827515, -0.6144106388092041],
    [4.857326984405518, -1.0237675905227661, -0.60661780834198],
    [4.99288272857666, -0.3932435214519501, -0.6051740050315857],
    [5.402037620544434, -0.23946483433246613, -0.5958006978034973],
    [5.260920524597168, -0.34040749073028564, -0.5552260875701904],
    [8.1534423828125, 1.8479732275009155, -0.5957093238830566],
    [6.033197402954102, -0.5512651205062866, -0.5884910821914673],
    [7.6768693923950195, 0.5909661650657654, -0.6753506064414978],
    [5.591464042663574, -1.0717413425445557, -0.657361626625061],
    [5.636117935180664, -1.0126606225967407, -0.6467589139938354],
    [3.9508047103881836, -1.4243450164794922, -0.6396492123603821],
    [3.9919793605804443, -1.461561918258667, -0.6191632747650146],
    [3.325021743774414, -1.4861489534378052, -0.5576815009117126],
    [3.2414722442626953, -1.7789033651351929, -0.5217437744140625],
    [3.3838322162628174, -1.764875054359436, -0.6407209038734436],
    [3.2796695232391357, -2.172800064086914, -0.7080618739128113],
    [3.503929853439331, -2.346071243286133, -0.7149633169174194],
    [4.877066135406494, -1.312372088432312, -0.6938040852546692],
    [5.180272102355957, -0.87644362449646, -0.599410355091095],
    [5.433583736419678, -0.3638233542442322, -0.60897296667099],
    [5.659424304962158, -0.19299159944057465, -0.6480644941329956],
    [5.04116678237915, 0.06820495426654816, -0.5667604207992554],
    [5.666769981384277, -0.3120058476924896, -0.6543029546737671],
    [7.10832405090332, 1.977318525314331, -0.5071523189544678],
    [5.963100433349609, -0.5031524896621704, -0.5407312512397766],
    [8.29733657836914, 1.7831099033355713, -0.47851085662841797],
    [6.836356163024902, 0.36311060190200806, -0.49794453382492065],
    [8.405282020568848, 1.1712967157363892, -0.5936341881752014],
    [5.562548637390137, -1.0799931287765503, -0.6685190796852112],
    [5.467777729034424, -1.0690244436264038, -0.6350482106208801],
    [4.098556995391846, -1.422667384147644, -0.6446062922477722],
    [3.776641845703125, -1.3469194173812866, -0.6065725088119507],
    [3.5748133659362793, -1.386400580406189, -0.6093661785125732],
    [3.143651247024536, -1.598124384880066, -0.5485329031944275],
    [3.1208298206329346, -1.825631022453308, -0.6532339453697205],
    [2.9141581058502197, -1.6333454847335815, -0.702162504196167],
    [3.4883179664611816, -2.0199437141418457, -0.751704752445221],
    [3.4836909770965576, -1.7266285419464111, -0.7013319730758667],
    [5.071869850158691, -0.9886795282363892, -0.6912801861763],
    [5.156065940856934, -0.232979878783226, -0.6084262132644653],
    [5.563235759735107, -0.029693352058529854, -0.6276160478591919],
    [5.473853588104248, -0.24193058907985687, -0.5727100968360901],
    [6.409122467041016, -0.4685060977935791, -0.5075961947441101],
    [5.0128703117370605, -1.4449928998947144, -0.47309738397598267],
    [6.245865345001221, -0.7355875968933105, -0.5372903943061829],
    [5.532840251922607, -1.1544320583343506, -0.6061984300613403],
    [3.997882604598999, -1.329692006111145, -0.6178575754165649],
    [3.589262008666992, -1.098539113998413, -0.5901175141334534],
    [3.221666097640991, -1.5026872158050537, -0.5334956645965576],
    [3.2542707920074463, -1.5363435745239258, -0.5732119679450989],
    [3.1115472316741943, -1.962803602218628, -0.678468644618988],
    [3.482057571411133, -1.9411265850067139, -0.7219017744064331],
    [4.429823398590088, -1.426971435546875, -0.7417689561843872],
    [5.005086898803711, -1.1423040628433228, -0.7158448696136475],
    [5.871931552886963, -0.32433122396469116, -0.672052264213562],
    [5.901631832122803, 0.14062052965164185, -0.6612948179244995],
    [5.330306529998779, 0.2693638205528259, -0.605837881565094],
    [5.610830783843994, -0.4598045349121094, -0.6643468141555786],
    [8.303617477416992, 4.254143238067627, -0.5253711938858032],
    [6.059610366821289, -0.6561453342437744, -0.5312427878379822],
    [8.618828773498535, 2.9272541999816895, -0.4112831950187683],
    [7.357128143310547, 0.5424469113349915, -0.4838421642780304],
    [8.852099418640137, 1.1070998907089233, -0.4349817633628845],
    [5.565238952636719, -1.120538353919983, -0.6666512489318848],
    [5.403417587280273, -1.1352825164794922, -0.6176369786262512],
    [4.326671600341797, -1.273865818977356, -0.6612297296524048],
    [4.144652366638184, -1.2313790321350098, -0.6278861165046692],
    [4.082715034484863, -1.1164847612380981, -0.640173077583313],
    [3.5349159240722656, -1.1070947647094727, -0.5641974210739136],
    [3.4423909187316895, -1.4095573425292969, -0.6152696013450623],
    [3.2236592769622803, -1.1800566911697388, -0.6568655967712402],
    [3.599346876144409, -1.781198263168335, -0.7748269438743591],
    [3.492685556411743, -1.8333182334899902, -0.6664766669273376],
    [4.55586051940918, -1.7460010051727295, -0.6931276321411133],
    [4.748594760894775, -0.5755683183670044, -0.7228802442550659],
    [5.522424697875977, 0.09750624001026154, -0.6442470550537109],
    [5.513390064239502, -0.44279468059539795, -0.5539004802703857],
    [6.9076690673828125, -0.5950433015823364, -0.5104032754898071],
    [7.0861663818359375, -0.20278140902519226, -0.554764986038208],
    [5.516160011291504, -1.2046371698379517, -0.6682189702987671],
    [5.5890655517578125, -1.1061923503875732, -0.6664481163024902],
    [4.218442916870117, -1.2593696117401123, -0.6337752938270569],
    [4.02357816696167, -0.9275848865509033, -0.6296371221542358],
    [3.6405832767486572, -1.1438747644424438, -0.6008980870246887],
    [3.3662970066070557, -1.081997275352478, -0.6201744079589844],
    [3.3119354248046875, -1.280808448791504, -0.6431301236152649],
    [3.958207130432129, -1.5193713903427124, -0.7486873865127563],
    [4.2678117752075195, -1.726142168045044, -0.6176517009735107],
    [5.326498508453369, -0.8505173921585083, -0.648256778717041],
    [5.8272294998168945, 0.17533761262893677, -0.721649169921875],
    [5.250340938568115, -0.00612199492752552, -0.6158508658409119],
    [5.492378234863281, -0.2644668221473694, -0.6922497749328613],
    [7.884807586669922, 3.4869210720062256, -0.5147308111190796],
    [6.043386459350586, -0.9474323987960815, -0.5378538370132446],
    [9.580782890319824, 3.858250617980957, -0.3226490020751953],
    [8.342538833618164, 0.08225860446691513, -0.5089098811149597],
    [9.963578224182129, 2.276183843612671, -0.6011197566986084],
    [5.469871520996094, -1.2060126066207886, -0.6976861953735352],
    [5.381842613220215, -1.1012507677078247, -0.6516294479370117],
    [4.672975540161133, -1.4827347993850708, -0.6476812362670898],
    [4.507637977600098, -1.2813713550567627, -0.6387279629707336],
    [4.243520736694336, -1.2597904205322266, -0.6443179845809937],
    [3.6911983489990234, -0.8565876483917236, -0.6413875222206116],
    [3.3734607696533203, -0.889140248298645, -0.639428973197937],
    [3.297898769378662, -0.5581779479980469, -0.6339436173439026],
    [3.6500961780548096, -1.099427342414856, -0.7570320963859558],
    [3.207412004470825, -1.4272682666778564, -0.5509855151176453],
    [4.053155422210693, -1.7519394159317017, -0.6541717052459717],
    [3.7968122959136963, -1.349713683128357, -0.6412267684936523],
    [5.450013160705566, -0.7092053890228271, -0.7107524275779724],
    [5.325971603393555, 0.19558635354042053, -0.639683187007904],
    [5.304935455322266, -0.4136800467967987, -0.5588138103485107],
    [6.680739402770996, -0.7991482615470886, -0.5049548149108887],
    [6.172802448272705, -0.9401453733444214, -0.5528814792633057],
    [5.45015811920166, -1.2820971012115479, -0.642685055732727],
    [4.442712306976318, -1.4369910955429077, -0.5984167456626892],
    [4.381280422210693, -0.8145015239715576, -0.6411240100860596],
    [3.934159994125366, -1.1820296049118042, -0.5989557504653931],
    [3.4035403728485107, -0.9991403818130493, -0.6081016063690186],
    [3.3534862995147705, -1.2339067459106445, -0.6482445001602173],
    [3.757012128829956, -1.1852574348449707, -0.6716965436935425],
    [3.9279441833496094, -1.7792083024978638, -0.7103514671325684],
    [3.7972023487091064, -1.736886739730835, -0.6514618396759033],
    [5.007213115692139, -0.8969310522079468, -0.7549787759780884],
    [5.34782600402832, -0.29331326484680176, -0.5558229088783264],
    [5.4326629638671875, -0.18746864795684814, -0.5880991816520691],
    [7.465184211730957, 3.1122817993164062, -0.43539348244667053],
    [6.069482326507568, -1.1505851745605469, -0.5096838474273682],
    [9.603034019470215, 4.347726345062256, -0.3573189377784729],
    [9.242454528808594, -0.21807444095611572, -0.4926285743713379],
    [9.932486534118652, 1.530714750289917, -0.48175835609436035],
    [5.356897830963135, -1.247145175933838, -0.6919761300086975],
    [5.224889755249023, -1.190690517425537, -0.6492974162101746],
    [4.5590620040893555, -1.348164439201355, -0.584635853767395],
    [4.7135910987854, -1.2655119895935059, -0.5182473063468933],
    [4.513369083404541, -1.2009894847869873, -0.6264317631721497],
    [4.284337043762207, -0.7812294960021973, -0.5851223468780518],
    [3.4901788234710693, -0.7470580339431763, -0.5460565686225891],
    [3.225389003753662, -0.3183264136314392, -0.5271111726760864],
    [3.4198203086853027, -1.459234595298767, -0.6651985049247742],
    [3.5246758460998535, -1.7047797441482544, -0.6651189923286438],
    [4.222578048706055, -1.4596363306045532, -0.6835410594940186],
    [4.313066005706787, -0.52968430519104, -0.5901309251785278],
    [4.873679161071777, -0.13073372840881348, -0.4800536036491394],
    [6.0196709632873535, -1.0799503326416016, -0.5312584042549133],
    [5.729515552520752, -1.0488640069961548, -0.538057267665863],
    [5.441561698913574, -1.3221921920776367, -0.677111029624939],
    [5.535077095031738, -1.2115998268127441, -0.6239792108535767],
    [4.607058525085449, -1.3616814613342285, -0.6235851645469666],
    [4.652797698974609, -1.3611003160476685, -0.5276386141777039],
    [4.699599266052246, -0.6708821058273315, -0.6183739900588989],
    [4.512520790100098, -0.987510085105896, -0.6319260597229004],
    [3.6266746520996094, -1.041205883026123, -0.5266686677932739],
    [3.9887354373931885, -0.9528270363807678, -0.48916786909103394],
    [2.729280471801758, -1.2694525718688965, -0.5072411298751831],
    [3.5178322792053223, -1.6152945756912231, -0.6607130765914917],
    [4.073657512664795, -1.2842854261398315, -0.6806925535202026],
    [4.823307514190674, -0.7447749376296997, -0.6206722259521484],
    [5.091037750244141, -0.0884905681014061, -0.5409250855445862],
    [7.294943332672119, 3.382120370864868, -0.46972012519836426],
    [5.4787516593933105, -0.8818386793136597, -0.5266685485839844],
    [8.967347145080566, 4.62282133102417, -0.5103928446769714],
    [9.062244415283203, -2.155745506286621, -0.5471593737602234],
    [9.69395923614502, 3.089714527130127, -0.5441970825195312],
    [5.329278945922852, -1.2698804140090942, -0.6565669775009155],
    [5.344612121582031, -1.2500513792037964, -0.5911871790885925],
    [4.675869941711426, -1.535732626914978, -0.5916047096252441],
    [4.746212959289551, -1.4048975706100464, -0.610503077507019],
    [4.522914886474609, -1.3850340843200684, -0.6140666604042053],
    [4.494668006896973, -0.984177827835083, -0.622241199016571],
    [3.3062973022460938, -1.457608699798584, -0.6146334409713745],
    [3.8356990814208984, -0.7914212942123413, -0.6063735485076904],
    [3.3070569038391113, -1.4393177032470703, -0.6223843693733215],
    [3.7693026065826416, -1.005462646484375, -0.6146196126937866],
    [3.0754785537719727, -2.253937244415283, -0.7435486316680908],
    [3.8367655277252197, -1.448373556137085, -0.6038095355033875],
    [3.650700807571411, -1.7167681455612183, -0.6654999852180481],
    [4.730685234069824, -0.7590727806091309, -0.6601312160491943],
    [5.166082859039307, -0.26310041546821594, -0.5970374345779419],
    [5.6734418869018555, -0.8493008613586426, -0.6111189126968384],
    [5.668862819671631, -1.5796180963516235, -0.5921132564544678],
    [5.213158130645752, -1.4633406400680542, -0.6058023571968079],
    [5.3860039710998535, -1.3907183408737183, -0.6680248379707336],
    [5.367530822753906, -1.2036188840866089, -0.5751343965530396],
    [4.8607282638549805, -1.8010629415512085, -0.6430345773696899],
    [4.768892288208008, -1.8306982517242432, -0.6403248906135559],
    [4.795240879058838, -1.5111156702041626, -0.6696561574935913],
    [4.563066005706787, -1.9129159450531006, -0.6988369822502136],
    [4.183631896972656, -1.92557692527771, -0.7350656986236572],
    [4.210142612457275, -1.9370239973068237, -0.7555826902389526],
    [4.328180313110352, -1.9674763679504395, -0.6957162022590637],
    [4.207066535949707, -1.825922966003418, -0.6858288645744324],
    [4.139004707336426, -2.086850166320801, -0.6449622511863708],
    [4.123775482177734, -2.14047908782959, -0.672895073890686],
    [4.394048690795898, -1.7226786613464355, -0.6845435500144958],
    [4.859294414520264, -1.4641667604446411, -0.7572000026702881],
    [5.366393566131592, -0.38175320625305176, -0.7012940645217896],
    [5.271029472351074, -1.0178221464157104, -0.6828286647796631],
    [5.821990013122559, -1.5750715732574463, -0.7172234058380127],
    [5.722393035888672, -1.938680648803711, -0.6956378817558289],
    [5.960588455200195, -1.5483291149139404, -0.7190243601799011],
    [5.416313648223877, -1.4178438186645508, -0.7002896666526794],
    [5.4103498458862305, -1.5450458526611328, -0.6775957345962524]
]
