[
    [4.375548839569092, -2.4310805797576904, -0.5804620981216431],
    [3.8592588901519775, -1.8933013677597046, -0.6108438372612],
    [3.928377628326416, -3.2836554050445557, -0.6135318279266357],
    [4.211806297302246, -2.5059804916381836, -0.6131349205970764],
    [6.776536464691162, 1.5846893787384033, -0.7301618456840515],
    [6.592311382293701, 0.3993549942970276, -0.6704800128936768],
    [5.511500835418701, -1.7650530338287354, -0.6177197694778442],
    [5.069549560546875, -1.2575132846832275, -0.6154147386550903],
    [4.71769905090332, -1.2525428533554077, -0.5943618416786194],
    [4.664494037628174, -2.5823171138763428, -0.5736124515533447],
    [4.62963342666626, -2.8831989765167236, -0.6877154111862183],
    [4.551535606384277, -2.6450934410095215, -0.6382517218589783],
    [4.310581207275391, -2.524101734161377, -0.6394152045249939],
    [4.595571994781494, -2.059319019317627, -0.6281285881996155],
    [5.226850509643555, -2.1807026863098145, -0.641916036605835],
    [7.90541410446167, -0.3732426166534424, -0.6598207950592041],
    [7.485660552978516, -0.09584657847881317, -0.6956233978271484],
    [8.478721618652344, -1.1583178043365479, -0.7267149090766907],
    [5.026322841644287, -1.1547737121582031, -0.6384232640266418],
    [4.872375011444092, -1.1696252822875977, -0.6540692448616028],
    [3.3487021923065186, -1.7588465213775635, -0.6044071316719055],
    [5.629213333129883, -0.34292203187942505, -0.5579150915145874],
    [6.088137626647949, -1.54512357711792, -0.6152158379554749],
    [5.399653911590576, -1.4765727519989014, -0.6519690752029419],
    [5.180614948272705, -1.2125242948532104, -0.7349516749382019],
    [4.642769813537598, -2.445333480834961, -0.6388211250305176],
    [4.906857013702393, -3.2444941997528076, -0.5996509194374084],
    [4.08218240737915, -3.1149346828460693, -0.5991974472999573],
    [4.447455883026123, -3.453322649002075, -0.5919836163520813],
    [4.171355247497559, -2.4392271041870117, -0.6360316276550293],
    [4.7420783042907715, -2.2564432621002197, -0.5745522379875183],
    [9.076714515686035, -2.523527145385742, -0.6012582182884216],
    [10.106359481811523, -1.4217947721481323, -0.7068740129470825],
    [9.92945384979248, -4.858432292938232, -0.7831211090087891],
    [5.092594146728516, -1.3952277898788452, -0.6667083501815796],
    [4.898275375366211, -1.2304044961929321, -0.6746622323989868],
    [4.555311679840088, -2.438688278198242, -0.6520025730133057],
    [1.9273761510849, 1.5673526525497437, -0.5989145636558533],
    [2.312532901763916, -0.23603743314743042, -0.6929947733879089],
    [7.494369029998779, -0.9080191254615784, -0.6244084239006042],
    [7.650675296783447, -0.3130571246147156, -0.7727893590927124],
    [4.8452019691467285, -1.8915950059890747, -0.6630895137786865],
    [4.917919635772705, -1.177051305770874, -0.6017606258392334],
    [4.870439529418945, -2.5193610191345215, -0.6640185117721558],
    [4.26486349105835, -3.237065315246582, -0.6439540386199951],
    [4.684287071228027, -3.0633468627929688, -0.7014670968055725],
    [4.707826614379883, -2.0840342044830322, -0.5537272691726685],
    [4.180656433105469, -2.7755916118621826, -0.5923256874084473],
    [4.217746257781982, -2.3858461380004883, -0.5561676025390625],
    [4.167024612426758, -3.298926830291748, -0.6035903692245483],
    [3.8279449939727783, -3.491156578063965, -0.6277523040771484],
    [3.927060127258301, -2.387280225753784, -0.5708829164505005],
    [10.223904609680176, -6.962989807128906, -0.644477367401123],
    [13.149096488952637, -4.228472709655762, -0.7766109108924866],
    [12.600977897644043, -6.381173610687256, -0.8773233890533447],
    [4.954360008239746, -1.3920648097991943, -0.6515465974807739],
    [4.82474422454834, -1.4150139093399048, -0.6208283305168152],
    [4.393238544464111, -1.6674563884735107, -0.6744899153709412],
    [2.0573291778564453, 1.9307526350021362, -0.6675272583961487],
    [2.9767563343048096, 0.8757619261741638, -0.6109461188316345],
    [3.1561450958251953, -1.09079909324646, -0.5578751564025879],
    [6.257752895355225, -0.6240426898002625, -0.6331703662872314],
    [6.4461140632629395, -2.247422218322754, -0.6728652715682983],
    [4.947192668914795, -1.4508155584335327, -0.5960333943367004],
    [5.0017900466918945, -1.2212657928466797, -0.6439419388771057],
    [4.412515163421631, -3.176178455352783, -0.6816956400871277],
    [4.607080936431885, -3.0181331634521484, -0.6800459027290344],
    [4.807051181793213, -2.1714115142822266, -0.7215760350227356],
    [4.508531093597412, -0.5062094330787659, -0.6889045238494873],
    [3.9008853435516357, -2.3181705474853516, -0.6174107789993286],
    [4.1493401527404785, -1.1953332424163818, -0.63836669921875],
    [3.791203260421753, -3.169703245162964, -0.6267562508583069],
    [3.769808053970337, -3.3751766681671143, -0.5598322153091431],
    [4.606332302093506, -2.1867823600769043, -0.5677989721298218],
    [11.931951522827148, -5.9028706550598145, -0.7037451863288879],
    [13.42152214050293, -3.121209144592285, -0.7287725210189819],
    [14.126463890075684, -5.955922603607178, -0.8165169358253479],
    [4.933058738708496, -1.5237568616867065, -0.5952027440071106],
    [5.291053295135498, -1.4680399894714355, -0.7047991156578064],
    [8.286148071289062, 0.13936589658260345, -0.6220258474349976],
    [8.354171752929688, 0.8231801986694336, -0.6200867891311646],
    [5.33977746963501, -1.280569314956665, -0.5819754004478455],
    [4.90224027633667, -1.3763701915740967, -0.6386798620223999],
    [4.506573677062988, -2.3839869499206543, -0.6766745448112488],
    [4.382153511047363, -3.037689685821533, -0.5943175554275513],
    [4.622828483581543, -3.184553623199463, -0.7533857822418213],
    [3.962024450302124, -2.391801357269287, -0.7474244832992554],
    [4.282342910766602, 0.2187758833169937, -0.6518096923828125],
    [5.064545631408691, -1.667680025100708, -0.678591251373291],
    [5.047236442565918, -0.23106324672698975, -0.6624176502227783],
    [5.483712196350098, -1.5416115522384644, -0.6497499942779541],
    [5.619255542755127, -0.6939709186553955, -0.6937019228935242],
    [5.5605387687683105, -1.2908353805541992, -0.5615683197975159],
    [4.852134704589844, -1.130447506904602, -0.4505263864994049],
    [11.590003967285156, -4.1553521156311035, -0.5836214423179626],
    [11.582612991333008, 0.11320626735687256, -0.5990950465202332],
    [13.810123443603516, -3.922060012817383, -0.6204421520233154],
    [4.641716003417969, -1.4418518543243408, -0.5750453472137451],
    [5.928150177001953, -1.3629364967346191, -0.6545915007591248],
    [3.777799367904663, -2.0667951107025146, -0.6289142370223999],
    [4.384911060333252, -0.9385685324668884, -0.7807120084762573],
    [4.699184417724609, -0.573011040687561, -0.6457907557487488],
    [5.188931465148926, -0.41519924998283386, -0.6947729587554932],
    [5.455933094024658, -0.7427764534950256, -0.6476466655731201],
    [7.245491027832031, -1.534267783164978, -0.47082754969596863],
    [6.931564807891846, -0.4460354447364807, -0.48944738507270813],
    [5.341978549957275, -1.1105620861053467, -0.5702494382858276],
    [4.6756591796875, -1.4001495838165283, -0.5919609069824219],
    [4.687597274780273, -1.4427739381790161, -0.5371374487876892],
    [3.8032732009887695, -2.0428452491760254, -0.5898652672767639],
    [3.907207489013672, -2.13149356842041, -0.6531097292900085],
    [4.333771228790283, -3.16083025932312, -0.7171497941017151],
    [5.284453392028809, -1.8463718891143799, -0.7693101763725281],
    [5.0434136390686035, -0.4314221739768982, -0.6902651190757751],
    [5.69271993637085, -0.4544335901737213, -0.7364274263381958],
    [5.12844705581665, -0.23831354081630707, -0.6914857625961304],
    [5.288407325744629, -0.3782511353492737, -0.6340460777282715],
    [5.000068664550781, -0.6907505393028259, -0.6291636824607849],
    [5.816709995269775, -0.44160938262939453, -0.49288615584373474],
    [11.848170280456543, -2.4541990756988525, -0.47263726592063904],
    [11.677539825439453, 1.527320384979248, -0.5145838260650635],
    [13.25622844696045, -2.31095290184021, -0.5805538296699524],
    [4.620420455932617, -1.2975993156433105, -0.5812957286834717],
    [5.866438865661621, -1.1990944147109985, -0.5890040993690491],
    [4.529844284057617, -0.4025423228740692, -0.7415394186973572],
    [4.804404258728027, -0.6801827549934387, -0.6697611808776855],
    [4.746278762817383, 0.06351175904273987, -0.701065719127655],
    [4.841460227966309, -0.43467986583709717, -0.5969962477684021],
    [9.126574516296387, 0.6357901096343994, -0.4713161885738373],
    [8.750093460083008, 2.650391101837158, -0.5147507190704346],
    [5.746358871459961, -0.7975419759750366, -0.5044417977333069],
    [4.6845927238464355, -1.360540509223938, -0.578219473361969],
    [3.8588528633117676, -1.7590863704681396, -0.6471942067146301],
    [3.879140853881836, -1.7864397764205933, -0.6094569563865662],
    [4.0568695068359375, -2.235962152481079, -0.5219963192939758],
    [4.352509021759033, -2.917058229446411, -0.6725426316261292],
    [4.915583610534668, -1.6355935335159302, -0.632581889629364],
    [4.929213047027588, -1.0056707859039307, -0.6819353699684143],
    [5.242773056030273, -0.482658714056015, -0.6074214577674866],
    [5.095057964324951, -0.5568902492523193, -0.5430312156677246],
    [5.0963969230651855, -0.38211119174957275, -0.4626343548297882],
    [6.26096773147583, -0.5745843648910522, -0.5326550602912903],
    [12.667668342590332, -1.9401768445968628, -0.5268638134002686],
    [12.49101448059082, 1.5242996215820312, -0.5828857421875],
    [13.55138874053955, -1.831257700920105, -0.6907439231872559],
    [4.807470321655273, -1.2065269947052002, -0.6480432748794556],
    [5.937807083129883, -1.1391910314559937, -0.6285241842269897],
    [7.500426292419434, -2.1469979286193848, -0.5323868989944458],
    [7.255759239196777, -1.8128455877304077, -0.5386205315589905],
    [5.500918865203857, -1.296860933303833, -0.5991005897521973],
    [4.807103157043457, -1.2047150135040283, -0.6493757367134094],
    [3.987478733062744, -1.5543460845947266, -0.5783301591873169],
    [3.855015993118286, -1.4484491348266602, -0.5561126470565796],
    [3.958346128463745, -1.0748578310012817, -0.5513991713523865],
    [3.887760877609253, -1.3809659481048584, -0.6465157270431519],
    [4.293322563171387, -1.504327654838562, -0.589478611946106],
    [4.430276870727539, -1.212297797203064, -0.46767687797546387],
    [4.0294036865234375, -1.0629311800003052, -0.562459409236908],
    [5.779465675354004, 0.2891935706138611, -0.5833801031112671],
    [12.83997917175293, -0.7448333501815796, -0.5925521850585938],
    [11.821038246154785, 1.706944227218628, -0.6850658059120178],
    [12.561147689819336, -0.7552984952926636, -0.6596450805664062],
    [4.8261237144470215, -1.211456060409546, -0.6601098775863647],
    [5.026437282562256, -1.2115718126296997, -0.6876445412635803],
    [4.145697116851807, -1.5450276136398315, -0.5647760629653931],
    [4.0184221267700195, -1.4908303022384644, -0.5220065712928772],
    [4.276164531707764, -0.3521837294101715, -0.5812641382217407],
    [8.718600273132324, 3.0610053539276123, -0.5640544295310974],
    [7.533536911010742, 3.678292751312256, -0.6282241940498352],
    [5.377714157104492, -1.3348493576049805, -0.5816329121589661],
    [5.028720855712891, -1.3206024169921875, -0.658245325088501],
    [4.181307792663574, -1.5318260192871094, -0.5997466444969177],
    [4.392972469329834, -1.2640767097473145, -0.5390030145645142],
    [4.691839218139648, -0.3981347978115082, -0.6146371364593506],
    [4.6988139152526855, -0.915145218372345, -0.6405303478240967],
    [4.406018257141113, -1.5943114757537842, -0.6264030933380127],
    [4.408812046051025, -1.4736599922180176, -0.6407577991485596],
    [3.738563060760498, -0.5605459213256836, -0.5576611757278442],
    [4.768485069274902, 3.8036108016967773, -0.5947836637496948],
    [10.832056999206543, 0.9521957635879517, -0.5505967140197754],
    [9.674066543579102, 2.685974597930908, -0.5946148037910461],
    [11.449520111083984, 0.2042471170425415, -0.7223597168922424],
    [5.0897111892700195, -1.391082525253296, -0.6720726490020752],
    [5.0067901611328125, -1.3219267129898071, -0.6166251301765442],
    [4.169828414916992, -1.4334821701049805, -0.5897924900054932],
    [4.065875053405762, -1.2191671133041382, -0.6262239217758179],
    [4.2244791984558105, -1.830518126487732, -0.5752167701721191],
    [4.182440280914307, -1.6166212558746338, -0.5860359072685242],
    [4.0124030113220215, -1.3322724103927612, -0.510961651802063],
    [3.791261672973633, -1.571519374847412, -0.5271686911582947],
    [5.84120512008667, -1.457636833190918, -0.5494514107704163],
    [5.562739849090576, -1.8271833658218384, -0.5643667578697205],
    [4.901586055755615, -1.7119468450546265, -0.5649911165237427],
    [5.125106334686279, -1.4498486518859863, -0.7018352150917053],
    [5.137024879455566, -1.3768421411514282, -0.6184781789779663],
    [4.541016101837158, -1.4176299571990967, -0.608136773109436],
    [4.322127819061279, -1.8333660364151, -0.6731895208358765],
    [4.137550354003906, -2.1564080715179443, -0.7080831527709961],
    [6.241970062255859, -1.5924441814422607, -0.6949323415756226],
    [6.04882287979126, -1.299750566482544, -0.6694884300231934],
    [6.218469142913818, -1.238241195678711, -0.6870160102844238],
    [5.210849285125732, -1.4481804370880127, -0.6718316078186035],
    [5.130717754364014, -1.5440152883529663, -0.6240478157997131],
    [4.225306034088135, -2.393348217010498, -0.5776417851448059],
    [4.133285045623779, -2.4918506145477295, -0.6031543612480164],
    [4.479630470275879, -2.557950735092163, -0.6416289806365967],
    [3.6831867694854736, -3.1502063274383545, -0.6363178491592407],
    [3.221829414367676, -2.8855984210968018, -0.5900250673294067],
    [3.7990520000457764, -2.373647689819336, -0.5572613477706909],
    [3.8675403594970703, -2.3395297527313232, -0.6200480461120605],
    [3.8984546661376953, -2.3428733348846436, -0.6054368019104004],
    [3.9123220443725586, -3.137502431869507, -0.615870475769043],
    [3.5444495677948, -2.5222811698913574, -0.5827429294586182],
    [4.1700310707092285, -2.88931941986084, -0.6251484751701355],
    [3.2642996311187744, -2.4600086212158203, -0.5999780297279358],
    [3.9769556522369385, -2.784165143966675, -0.6028447151184082],
    [4.243832588195801, -2.535522222518921, -0.594293475151062],
    [5.344974517822266, -1.6713107824325562, -0.5851174592971802],
    [5.077627182006836, -1.1088215112686157, -0.5966930985450745],
    [4.068309783935547, -2.1914703845977783, -0.5955417156219482],
    [4.606912612915039, -2.7189719676971436, -0.5794321298599243],
    [4.598526954650879, -2.321953535079956, -0.612661600112915],
    [4.556507110595703, -2.6886653900146484, -0.6721304655075073],
    [4.144659519195557, -2.8505122661590576, -0.6047130823135376],
    [4.446715354919434, -2.906867504119873, -0.6985910534858704],
    [4.131576061248779, -2.6470797061920166, -0.6021623611450195],
    [4.311779022216797, -2.6901071071624756, -0.6430989503860474],
    [3.787916660308838, -2.720534086227417, -0.6042065620422363],
    [4.0443434715271, -2.8285956382751465, -0.6383112668991089],
    [3.731663942337036, -2.733386278152466, -0.5866170525550842],
    [4.190462589263916, -2.6188302040100098, -0.6171929836273193],
    [3.4563851356506348, -2.4709744453430176, -0.5906376838684082],
    [5.105018615722656, -2.283991575241089, -0.645225465297699],
    [3.7818682193756104, -2.2499136924743652, -0.598911702632904],
    [7.796403408050537, -0.15769615769386292, -0.6568077802658081],
    [7.234992980957031, -0.7049205303192139, -0.6183823347091675],
    [8.117781639099121, -0.9150327444076538, -0.7130785584449768],
    [4.9789886474609375, -1.1227904558181763, -0.6417800188064575],
    [4.884557723999023, -1.1349917650222778, -0.6502557992935181],
    [4.301325798034668, -2.1822047233581543, -0.6623831987380981],
    [4.459432601928711, -2.3502416610717773, -0.6206674575805664],
    [4.586205959320068, -2.393016815185547, -0.6977246999740601],
    [4.423264026641846, -2.0766966342926025, -0.6422574520111084],
    [4.258732318878174, -2.628824472427368, -0.7151397466659546],
    [4.048427581787109, -2.4200077056884766, -0.6098588109016418],
    [4.3587517738342285, -2.6496992111206055, -0.5840920805931091],
    [3.9898972511291504, -2.8506062030792236, -0.5931918025016785],
    [3.605757713317871, -2.7876482009887695, -0.5963727831840515],
    [3.7539563179016113, -2.823225975036621, -0.6116234064102173],
    [3.098522186279297, -2.4752449989318848, -0.6222850680351257],
    [3.150730609893799, -2.8983876705169678, -0.5917136669158936],
    [2.514026403427124, -2.7483365535736084, -0.5841467380523682],
    [2.413755178451538, -3.2709243297576904, -0.5230692028999329],
    [3.737189531326294, -2.7635838985443115, -0.581777811050415],
    [5.332508087158203, -2.738373041152954, -0.5858469605445862],
    [5.88334846496582, -1.4407907724380493, -0.6499395966529846],
    [5.313985347747803, -1.3866653442382812, -0.6662382483482361],
    [5.148785591125488, -1.2842427492141724, -0.6445854902267456],
    [5.1344733238220215, -1.2269357442855835, -0.7313146591186523],
    [3.981760025024414, -2.187265634536743, -0.7093651294708252],
    [4.525181293487549, -2.4740896224975586, -0.6302585601806641],
    [4.484289646148682, -2.5139927864074707, -0.7007800340652466],
    [4.23829460144043, -2.9608802795410156, -0.5568508505821228],
    [4.164198398590088, -2.8416748046875, -0.6187645792961121],
    [4.620081424713135, -2.80696439743042, -0.6455444693565369],
    [4.26386833190918, -2.702075719833374, -0.597429096698761],
    [4.752866268157959, -2.8636257648468018, -0.5919114947319031],
    [3.9818360805511475, -3.3554787635803223, -0.5835829377174377],
    [4.223536491394043, -3.469419479370117, -0.5633314847946167],
    [3.3540332317352295, -3.070430278778076, -0.6148951649665833],
    [3.871019124984741, -2.802252769470215, -0.6296706199645996],
    [3.416830062866211, -2.5172343254089355, -0.6295538544654846],
    [4.513373374938965, -2.3242671489715576, -0.5745965242385864],
    [3.9755475521087646, -1.9013736248016357, -0.552273690700531],
    [8.971614837646484, -2.10318922996521, -0.5868020057678223],
    [9.003416061401367, -3.582162857055664, -0.669037401676178],
    [9.707387924194336, -4.0830607414245605, -0.7506206035614014],
    [5.023268222808838, -1.3462986946105957, -0.6691218614578247],
    [4.893309593200684, -1.2767225503921509, -0.6734389066696167],
    [4.111597061157227, -2.33526611328125, -0.6974226236343384],
    [4.487174034118652, -2.3301479816436768, -0.6613193154335022],
    [4.39772891998291, -2.509315252304077, -0.6955821514129639],
    [4.512799263000488, -2.256855010986328, -0.6181156635284424],
    [3.9414989948272705, -2.7060129642486572, -0.5506359338760376],
    [4.026181221008301, -2.1423654556274414, -0.6475065350532532],
    [4.162200927734375, -2.018442153930664, -0.6590344905853271],
    [3.6348929405212402, -2.6631650924682617, -0.5682323575019836],
    [3.552917957305908, -3.4620110988616943, -0.5436033010482788],
    [2.2496280670166016, -3.400317668914795, -0.5866760611534119],
    [2.8796114921569824, -2.942418336868286, -0.5766027569770813],
    [3.0199217796325684, -2.926095962524414, -0.6572388410568237],
    [2.7341599464416504, -2.269580841064453, -0.5246216058731079],
    [4.037618160247803, -2.218336343765259, -0.4756113886833191],
    [7.046717643737793, -3.096313953399658, -0.6119951605796814],
    [6.782889366149902, -1.8411147594451904, -0.7054198384284973],
    [4.965749263763428, -2.6710102558135986, -0.6509373784065247],
    [4.8852458000183105, -1.338782787322998, -0.6353546380996704],
    [4.888797283172607, -1.213105320930481, -0.6139882206916809],
    [4.133200645446777, -2.3819048404693604, -0.6996514797210693],
    [4.681980133056641, -2.6478896141052246, -0.678019106388092],
    [4.442957878112793, -2.671072006225586, -0.6885008811950684],
    [4.0659637451171875, -3.2177624702453613, -0.6653494238853455],
    [4.210769176483154, -2.587750196456909, -0.6552968621253967],
    [4.582411766052246, -2.82220196723938, -0.6961065530776978],
    [4.5900163650512695, -2.105469226837158, -0.5650051832199097],
    [4.131033897399902, -2.4255080223083496, -0.5850197672843933],
    [4.158719062805176, -2.39614200592041, -0.5601409077644348],
    [3.9171807765960693, -3.3522531986236572, -0.5947765707969666],
    [3.599076986312866, -3.3211214542388916, -0.5958481431007385],
    [3.4871954917907715, -2.690741777420044, -0.60659259557724],
    [4.08587121963501, -2.1299774646759033, -0.5781306028366089],
    [3.747739553451538, -1.8709757328033447, -0.5502786636352539],
    [11.603474617004395, -6.147159576416016, -0.6683433651924133],
    [12.106986999511719, -5.660593032836914, -0.8612610101699829],
    [4.940550804138184, -1.3359447717666626, -0.654377281665802],
    [4.758663177490234, -1.4235421419143677, -0.6296543478965759],
    [4.196025848388672, -2.0566062927246094, -0.6784839630126953],
    [4.427972316741943, -2.7588205337524414, -0.6810418367385864],
    [3.539787769317627, -3.1186532974243164, -0.6661149263381958],
    [4.280993938446045, -2.3346831798553467, -0.6393901109695435],
    [3.5359344482421875, -2.1800568103790283, -0.7341856956481934],
    [3.939180850982666, -1.3866710662841797, -0.7186470031738281],
    [3.076616048812866, -1.3099946975708008, -0.5856544971466064],
    [3.3972697257995605, -0.9156692028045654, -0.5752518773078918],
    [2.434274435043335, -1.8639271259307861, -0.6188212633132935],
    [3.1799654960632324, -2.028583526611328, -0.591259241104126],
    [2.5506160259246826, -2.8052573204040527, -0.6696428656578064],
    [2.737175941467285, -2.594008445739746, -0.5844683647155762],
    [3.3964550495147705, -2.817099094390869, -0.5564779043197632],
    [2.8000247478485107, -2.342498779296875, -0.5326616764068604],
    [3.604879379272461, -2.845628499984741, -0.5229730606079102],
    [6.0353007316589355, -2.215697765350342, -0.640899121761322],
    [5.984957218170166, -2.3051531314849854, -0.6639498472213745],
    [4.650885105133057, -1.6203174591064453, -0.6853996515274048],
    [4.962521076202393, -1.365678310394287, -0.596680760383606],
    [4.990471363067627, -1.276405692100525, -0.6555183529853821],
    [4.077754974365234, -2.3310954570770264, -0.6363162994384766],
    [4.347853183746338, -3.13157320022583, -0.663569450378418],
    [3.9373624324798584, -3.0680198669433594, -0.727757453918457],
    [4.4107513427734375, -3.0326719284057617, -0.6826391220092773],
    [4.237181663513184, -2.293382406234741, -0.7515442371368408],
    [4.65495491027832, -1.9813581705093384, -0.7174245715141296],
    [4.501651287078857, -1.4072872400283813, -0.6786404848098755],
    [3.7698872089385986, -2.058354377746582, -0.6181018948554993],
    [3.662513256072998, -3.4781525135040283, -0.5815028548240662],
    [3.8838562965393066, -3.3529467582702637, -0.4915376901626587],
    [4.635072708129883, -1.4746882915496826, -0.5822415947914124],
    [4.835078239440918, -2.1497859954833984, -0.5426769852638245],
    [4.13211727142334, -1.7122728824615479, -0.6078993678092957],
    [13.486653327941895, -5.504894733428955, -0.7942267060279846],
    [4.919022560119629, -1.484889268875122, -0.6053481698036194],
    [5.300837516784668, -1.3572888374328613, -0.7116914391517639],
    [4.034219741821289, -2.430020809173584, -0.6628754138946533],
    [4.131210803985596, -3.0541937351226807, -0.7253069281578064],
    [2.931576728820801, -3.5879223346710205, -0.6837133169174194],
    [4.152984619140625, -2.692885160446167, -0.6599118113517761],
    [3.5946033000946045, -2.4595558643341064, -0.7535571455955505],
    [3.952374219894409, -1.7412755489349365, -0.7267970442771912],
    [2.842803955078125, -1.9886571168899536, -0.7473897933959961],
    [3.6572184562683105, -0.9276291728019714, -0.6840734481811523],
    [3.9343926906585693, -2.18719482421875, -0.6154555082321167],
    [4.735260486602783, -1.1015284061431885, -0.581982433795929],
    [5.356642246246338, -1.379530668258667, -0.6547279357910156],
    [4.573927879333496, -0.8072099685668945, -0.5230585336685181],
    [4.098485946655273, -2.2291083335876465, -0.5060124397277832],
    [7.389867782592773, -1.7733098268508911, -0.5910754203796387],
    [6.025122165679932, -1.9958975315093994, -0.5800378322601318],
    [5.077873706817627, -1.3550586700439453, -0.618325412273407],
    [4.776723384857178, -1.4142364263534546, -0.611165463924408],
    [4.8553996086120605, -1.315076470375061, -0.6385719776153564],
    [3.978564500808716, -2.3502676486968994, -0.6459388732910156],
    [4.294413089752197, -2.8274219036102295, -0.6814024448394775],
    [3.5524754524230957, -3.230151891708374, -0.6870054602622986],
    [4.179882049560547, -3.3591041564941406, -0.5938795804977417],
    [4.270578861236572, -2.845741033554077, -0.6781905889511108],
    [4.624722480773926, -2.7726895809173584, -0.7566426992416382],
    [4.379160404205322, -1.9057625532150269, -0.8046218156814575],
    [4.1646528244018555, -2.218045473098755, -0.7159237265586853],
    [4.987009048461914, -1.665290117263794, -0.6287671327590942],
    [5.631795883178711, -1.3728505373001099, -0.5903251767158508],
    [5.998038291931152, -1.126373052597046, -0.6760514378547668],
    [6.168849945068359, -1.5987651348114014, -0.5173625349998474],
    [4.873663902282715, -1.5613737106323242, -0.45148903131484985],
    [11.109020233154297, -4.673402786254883, -0.5464425683021545],
    [13.139972686767578, -3.9242563247680664, -0.5993282794952393],
    [4.544338226318359, -1.4441457986831665, -0.5740017294883728],
    [5.818696022033691, -1.3143142461776733, -0.6537765264511108],
    [3.821479082107544, -2.124361276626587, -0.6338469982147217],
    [3.957740545272827, -2.814208507537842, -0.6874895691871643],
    [2.890695571899414, -3.2573368549346924, -0.6447880864143372],
    [3.8010005950927734, -2.7654471397399902, -0.6331996321678162],
    [4.051054954528809, -2.7024946212768555, -0.7281891107559204],
    [4.19501256942749, -2.235668182373047, -0.741997241973877],
    [4.516388416290283, -1.8051363229751587, -0.8599458336830139],
    [4.552173614501953, -1.0145739316940308, -0.639286458492279],
    [4.9456329345703125, -0.9022882580757141, -0.4950876832008362],
    [4.7290849685668945, -1.5781744718551636, -0.5356662273406982],
    [5.181571006774902, -1.0664255619049072, -0.5784173011779785],
    [4.671566963195801, -1.3824281692504883, -0.571941614151001],
    [4.63353157043457, -1.369920015335083, -0.523151159286499],
    [3.6746275424957275, -1.8925409317016602, -0.5855923295021057],
    [3.7306084632873535, -2.6488497257232666, -0.6283183097839355],
    [3.365569829940796, -2.6103062629699707, -0.5923835039138794],
    [3.605966567993164, -3.033177614212036, -0.6375937461853027],
    [4.032874584197998, -3.113495349884033, -0.7261626720428467],
    [4.22165060043335, -3.1544575691223145, -0.7141475677490234],
    [4.773319721221924, -2.4580440521240234, -0.7788785696029663],
    [5.292660713195801, -1.5318808555603027, -0.7291202545166016],
    [5.194648742675781, -1.0777196884155273, -0.6531054973602295],
    [5.7790608406066895, -0.4609418213367462, -0.6717463731765747],
    [5.140832424163818, -0.2701755166053772, -0.6478870511054993],
    [5.400112628936768, -0.40943920612335205, -0.5765961408615112],
    [5.089893817901611, -0.6885852813720703, -0.5831514596939087],
    [5.952518463134766, -0.6082824468612671, -0.45905452966690063],
    [4.377727508544922, -1.490767240524292, -0.49060913920402527],
    [11.860015869140625, -3.249554395675659, -0.42412227392196655],
    [10.717658042907715, -2.6666343212127686, -0.45799732208251953],
    [12.844120979309082, -2.431854486465454, -0.5523762702941895],
    [4.529577255249023, -1.2874361276626587, -0.5717005729675293],
    [5.781609058380127, -1.2006713151931763, -0.5848632454872131],
    [3.680213451385498, -1.7411327362060547, -0.6174455285072327],
    [3.8218328952789307, -2.075176239013672, -0.6467917561531067],
    [3.5613818168640137, -2.352492570877075, -0.5445016026496887],
    [3.578629493713379, -2.488672971725464, -0.6041375994682312],
    [4.100953578948975, -2.4107108116149902, -0.7252804040908813],
    [3.9833717346191406, -2.7723805904388428, -0.7375754117965698],
    [4.52251672744751, -2.3996806144714355, -0.7919663190841675],
    [4.4691386222839355, -1.4322150945663452, -0.6691729426383972],
    [4.9864630699157715, -0.8156680464744568, -0.704322338104248],
    [4.643790245056152, -0.53814697265625, -0.6054934859275818],
    [4.725338935852051, -0.4594336450099945, -0.5338280200958252],
    [4.472041606903076, -0.7671695947647095, -0.5222129225730896],
    [4.252020359039307, -1.2820427417755127, -0.5334982872009277],
    [8.478418350219727, -1.3392759561538696, -0.4523198902606964],
    [5.55468225479126, -0.8278748989105225, -0.5037702322006226],
    [4.626618385314941, -1.3905023336410522, -0.572640597820282],
    [4.649765968322754, -1.2731105089187622, -0.5574525594711304],
    [3.740112781524658, -1.6444196701049805, -0.6238665580749512],
    [3.7774946689605713, -1.9384931325912476, -0.6137791275978088],
    [3.5751068592071533, -1.8519712686538696, -0.5788435339927673],
    [3.781161069869995, -2.4107673168182373, -0.5436373949050903],
    [3.8448266983032227, -2.7493128776550293, -0.6250160932540894],
    [4.209568977355957, -2.9138145446777344, -0.6568530797958374],
    [4.419512748718262, -2.7868378162384033, -0.7047814726829529],
    [4.757129192352295, -1.5650522708892822, -0.6113004684448242],
    [4.663392066955566, -1.416685700416565, -0.6371231079101562],
    [5.000059127807617, -0.5761931538581848, -0.5962128043174744],
    [4.801741123199463, -0.8633115887641907, -0.5259737372398376],
    [4.822643756866455, -0.4887946844100952, -0.45851799845695496],
    [4.4664530754089355, -1.1043342351913452, -0.5471233129501343],
    [6.0154194831848145, -0.5427452921867371, -0.5383695363998413],
    [4.350439071655273, -1.652707815170288, -0.5381953716278076],
    [12.224044799804688, -2.5245487689971924, -0.5057594180107117],
    [10.93703842163086, -1.9720946550369263, -0.5146560668945312],
    [13.079888343811035, -1.8538857698440552, -0.6514077186584473],
    [4.762144088745117, -1.111174464225769, -0.6311110854148865],
    [5.902584075927734, -1.1152517795562744, -0.6159690618515015],
    [3.9468002319335938, -1.6500905752182007, -0.6261858344078064],
    [3.7637863159179688, -1.674005389213562, -0.6267731785774231],
    [3.5746853351593018, -1.8444161415100098, -0.5755943655967712],
    [3.278170347213745, -1.839717149734497, -0.492972195148468],
    [3.6634938716888428, -1.9343459606170654, -0.577137291431427],
    [3.441453456878662, -2.117253303527832, -0.5963687300682068],
    [4.135875701904297, -1.8635170459747314, -0.6543138027191162],
    [3.8228695392608643, -1.6330451965332031, -0.5695324540138245],
    [4.3056511878967285, -1.1428683996200562, -0.6077737212181091],
    [3.932576894760132, -1.1216970682144165, -0.5212254524230957],
    [4.253647804260254, -0.9776586890220642, -0.490068256855011],
    [3.8485941886901855, -1.1151573657989502, -0.5058341026306152],
    [3.8210439682006836, -1.1517994403839111, -0.5688604712486267],
    [3.8524346351623535, -1.3486703634262085, -0.49513325095176697],
    [4.11789608001709, -1.6184221506118774, -0.5186200141906738],
    [7.0241618156433105, -2.243947744369507, -0.5572404265403748],
    [6.871528148651123, -1.8613938093185425, -0.5527456998825073],
    [5.320328712463379, -1.3142298460006714, -0.6121101975440979],
    [4.786534786224365, -1.2195556163787842, -0.6348795890808105],
    [4.771301746368408, -1.1791391372680664, -0.6352423429489136],
    [3.939478635787964, -1.5176348686218262, -0.5630680322647095],
    [3.7800941467285156, -1.482689619064331, -0.5373206734657288],
    [3.6912894248962402, -1.3735612630844116, -0.5631985664367676],
    [3.7667899131774902, -1.1778340339660645, -0.5526674389839172],
    [3.573122024536133, -1.5184431076049805, -0.645560622215271],
    [3.745195150375366, -1.4632271528244019, -0.6622892022132874],
    [3.7532429695129395, -2.1674718856811523, -0.5798943638801575],
    [3.819079875946045, -1.6203763484954834, -0.6209332346916199],
    [3.9659721851348877, -1.7351937294006348, -0.6117559671401978],
    [4.224821090698242, -1.0961114168167114, -0.5161144137382507],
    [3.945836067199707, -1.2742297649383545, -0.5827435255050659],
    [3.8391153812408447, -1.157271146774292, -0.5815500020980835],
    [3.546330213546753, -1.2031331062316895, -0.6148828864097595],
    [5.428112030029297, -0.28546926379203796, -0.5966288447380066],
    [3.947072744369507, -1.5532411336898804, -0.568253755569458],
    [12.299750328063965, -0.6864715814590454, -0.55600905418396],
    [10.23000717163086, -1.6674256324768066, -0.6290220022201538],
    [12.151103019714355, -0.9331417083740234, -0.654992401599884],
    [4.7831854820251465, -1.1671504974365234, -0.6589498519897461],
    [5.056644916534424, -1.1202728748321533, -0.687472403049469],
    [4.098470687866211, -1.5639880895614624, -0.5588741302490234],
    [4.029688835144043, -1.3742046356201172, -0.5116041302680969],
    [4.151022911071777, -1.3441604375839233, -0.605126142501831],
    [4.162232875823975, -0.5183595418930054, -0.5908665060997009],
    [3.7317888736724854, -0.6258661150932312, -0.5919941067695618],
    [3.2850236892700195, -1.1370829343795776, -0.5918888449668884],
    [3.842437267303467, -1.5235636234283447, -0.566554605960846],
    [3.7029781341552734, -1.6412770748138428, -0.6779141426086426],
    [4.317238807678223, -1.6147511005401611, -0.7316622734069824],
    [3.4158103466033936, -1.7531968355178833, -0.6677901148796082],
    [3.8678531646728516, -1.4674800634384155, -0.6205925941467285],
    [2.996830701828003, -1.404065489768982, -0.6063839793205261],
    [3.4056622982025146, -1.274352788925171, -0.6055470108985901],
    [3.1922078132629395, -1.5258458852767944, -0.5774266719818115],
    [3.887242317199707, -1.718368411064148, -0.564897358417511],
    [8.126419067382812, -0.9237001538276672, -0.543061375617981],
    [6.217123508453369, -1.2391680479049683, -0.5884437561035156],
    [5.338187217712402, -1.2316392660140991, -0.6093679070472717],
    [4.970973014831543, -1.2904706001281738, -0.6519127488136292],
    [4.118844032287598, -1.4528905153274536, -0.585928738117218],
    [4.369546413421631, -1.2620680332183838, -0.5340610146522522],
    [4.023842811584473, -1.2027817964553833, -0.6712918281555176],
    [4.647330284118652, -0.5217163562774658, -0.6135396957397461],
    [3.8328733444213867, -0.962087869644165, -0.6230541467666626],
    [4.601613998413086, -0.8740026354789734, -0.6481883525848389],
    [3.594257354736328, -1.5933539867401123, -0.666125476360321],
    [4.121132850646973, -1.5266913175582886, -0.6540348529815674],
    [3.704700469970703, -1.8421086072921753, -0.6633629202842712],
    [3.9990005493164062, -1.4965636730194092, -0.6413225531578064],
    [3.220952272415161, -1.4696358442306519, -0.609249472618103],
    [3.5221779346466064, -1.1423938274383545, -0.5412085652351379],
    [3.1013619899749756, -1.156444787979126, -0.5496736168861389],
    [3.5512897968292236, -1.63839590549469, -0.6038079261779785],
    [10.371733665466309, 0.6359875202178955, -0.5730170011520386],
    [8.783044815063477, -1.2457590103149414, -0.5673297643661499],
    [10.962154388427734, 0.19873812794685364, -0.7152308225631714],
    [5.032137870788574, -1.362769365310669, -0.679816722869873],
    [4.9817070960998535, -1.2501808404922485, -0.6156033873558044],
    [4.273897647857666, -1.510143518447876, -0.5797150135040283],
    [4.192331314086914, -1.3437610864639282, -0.576225996017456],
    [3.9622669219970703, -1.5117073059082031, -0.6204978823661804],
    [4.043293476104736, -1.101445198059082, -0.6123589873313904],
    [3.7841103076934814, -1.3626409769058228, -0.6924753189086914],
    [3.832522392272949, -1.3923656940460205, -0.6329858899116516],
    [3.6915035247802734, -1.809994101524353, -0.6017467975616455],
    [3.96779203414917, -1.5501642227172852, -0.5651452541351318],
    [3.9209864139556885, -1.7104878425598145, -0.5803435444831848],
    [4.045459747314453, -1.361811637878418, -0.548377513885498],
    [3.5732598304748535, -1.5682735443115234, -0.5490912199020386],
    [3.9077811241149902, -1.1919223070144653, -0.49166518449783325],
    [3.333604335784912, -1.3435336351394653, -0.47763592004776],
    [3.740107536315918, -1.3971830606460571, -0.5222511887550354],
    [3.7637205123901367, -2.0426881313323975, -0.551257848739624],
    [5.630876064300537, -1.520889163017273, -0.5734143853187561],
    [5.476720333099365, -1.6021087169647217, -0.5770581960678101],
    [4.801919460296631, -1.6434048414230347, -0.5855333805084229],
    [5.12518310546875, -1.4150505065917969, -0.6935692429542542],
    [5.0811238288879395, -1.3868112564086914, -0.6237876415252686],
    [4.566287994384766, -1.711750864982605, -0.6350995302200317],
    [4.490907669067383, -1.4761120080947876, -0.6169611215591431],
    [4.426455497741699, -1.6809269189834595, -0.6405404806137085],
    [4.3229498863220215, -1.498875617980957, -0.6825616359710693],
    [4.393476963043213, -1.6070817708969116, -0.6885637044906616],
    [4.287515163421631, -1.7944104671478271, -0.6591581106185913],
    [4.291933059692383, -2.008295774459839, -0.5830777883529663],
    [4.39543342590332, -2.063849687576294, -0.571018397808075],
    [4.59182071685791, -1.9196257591247559, -0.5647993087768555],
    [4.387292385101318, -1.8853250741958618, -0.5940712690353394],
    [4.355092525482178, -1.7061582803726196, -0.5900593996047974],
    [4.2833428382873535, -1.6639561653137207, -0.6649276614189148],
    [4.270138740539551, -1.5469250679016113, -0.6190609931945801],
    [4.157559394836426, -1.896895408630371, -0.6893047094345093],
    [4.30309534072876, -1.9538848400115967, -0.6830185651779175],
    [6.137988090515137, -1.43820321559906, -0.6888660788536072],
    [5.892796516418457, -1.1882938146591187, -0.6512808799743652],
    [6.085927486419678, -1.1404550075531006, -0.6797909140586853],
    [5.147909641265869, -1.4443520307540894, -0.6657846570014954],
    [5.115875244140625, -1.4539477825164795, -0.6243392825126648]
]
