[
    [4.207159042358398, -1.3860812187194824, -0.6419605016708374],
    [5.520657539367676, -1.0744284391403198, -0.5875272750854492],
    [5.168173313140869, -1.2468922138214111, -0.5990372896194458],
    [5.095517158508301, -1.2559746503829956, -0.5928336381912231],
    [4.2661614418029785, -1.6526236534118652, -0.5732892155647278],
    [4.135620594024658, -1.519835352897644, -0.5499566197395325],
    [4.023833751678467, -1.4312347173690796, -0.5579911470413208],
    [3.387488842010498, -1.5458016395568848, -0.5843905806541443],
    [3.460001230239868, -1.6493175029754639, -0.5448916554450989],
    [4.078353404998779, -2.028528928756714, -0.539020299911499],
    [5.8598480224609375, -0.932022750377655, -0.6251729130744934],
    [5.258327007293701, -1.3684331178665161, -0.6111107468605042],
    [5.204531192779541, -1.4089467525482178, -0.626342236995697],
    [4.0818257331848145, -1.4357945919036865, -0.5716098546981812],
    [3.67217755317688, -1.172255277633667, -0.610429048538208],
    [4.704083442687988, -1.1561888456344604, -0.6295359134674072],
    [5.363874912261963, -1.275192141532898, -0.6235983967781067],
    [5.328563213348389, -1.343043327331543, -0.6423820853233337],
    [5.466256618499756, -1.2623679637908936, -0.6443260312080383],
    [4.081528186798096, -1.6334238052368164, -0.5982613563537598],
    [4.256360054016113, -1.477315068244934, -0.51143479347229],
    [4.136118412017822, -1.235781192779541, -0.5572565197944641],
    [4.1739606857299805, -1.2710967063903809, -0.5395263433456421],
    [3.9474692344665527, -1.0095139741897583, -0.5814542770385742],
    [3.950334072113037, -1.3028639554977417, -0.5490818619728088],
    [4.600365161895752, -0.596191942691803, -0.6376538872718811],
    [3.788390874862671, -1.2254878282546997, -0.5694555044174194],
    [3.2559127807617188, -1.6351262331008911, -0.5816296935081482],
    [4.034527778625488, -1.7839797735214233, -0.5531077980995178],
    [2.8906307220458984, 2.49153995513916, -0.5537734031677246],
    [6.901100158691406, -0.5950527191162109, -0.5667884945869446],
    [5.463870048522949, -1.3225573301315308, -0.6213524341583252],
    [5.421013832092285, -1.2177983522415161, -0.6214571595191956],
    [4.224642753601074, -1.2642117738723755, -0.5682736039161682],
    [4.394380569458008, -1.1195664405822754, -0.6177120208740234],
    [4.5854172706604, -0.892834484577179, -0.593860924243927],
    [4.155758857727051, -1.3606771230697632, -0.6205089688301086],
    [4.094448089599609, -0.9525409936904907, -0.5811617374420166],
    [5.1587653160095215, -0.6007714867591858, -0.5892248153686523],
    [7.916607856750488, 1.2025713920593262, -0.618135392665863],
    [4.671889781951904, 4.2340240478515625, -0.6185019612312317],
    [8.457340240478516, 4.093966007232666, -0.6337869763374329],
    [5.34468936920166, -1.2930245399475098, -0.623599648475647],
    [5.53151273727417, -1.1641110181808472, -0.6191884875297546],
    [3.833162546157837, -2.0809473991394043, -0.6725198030471802],
    [4.046382904052734, -1.5396908521652222, -0.566490650177002],
    [4.244256496429443, -1.1752837896347046, -0.5455672144889832],
    [4.359903812408447, -1.0445399284362793, -0.588327169418335],
    [4.610178470611572, -0.7187231779098511, -0.6176210045814514],
    [4.320260047912598, -0.6863507032394409, -0.5656905770301819],
    [4.497115612030029, -0.8986642360687256, -0.5817105174064636],
    [4.13478946685791, -0.6059408783912659, -0.60466068983078],
    [4.275425910949707, -0.7744890451431274, -0.5833569765090942],
    [5.820286273956299, -0.018244780600070953, -0.6218919157981873],
    [5.388521194458008, -0.7393382787704468, -0.5488269925117493],
    [5.765556812286377, 4.361207962036133, -0.509658932685852],
    [3.497770309448242, 3.0410444736480713, -0.5356362462043762],
    [8.115715026855469, 0.5151189565658569, -0.5392610430717468],
    [5.514298439025879, -1.3145915269851685, -0.6706682443618774],
    [5.489426612854004, -1.112700343132019, -0.6019861698150635],
    [4.402641773223877, -1.2793421745300293, -0.612731397151947],
    [4.677244663238525, -0.9185987114906311, -0.6301833391189575],
    [5.13224983215332, -1.2072417736053467, -0.6325976848602295],
    [4.713586330413818, -0.6589765548706055, -0.5998849272727966],
    [5.769494533538818, -0.45689818263053894, -0.6120970249176025],
    [6.317131042480469, -0.33077386021614075, -0.5838907957077026],
    [6.159529209136963, -0.8715915083885193, -0.5320733189582825],
    [5.454741954803467, -1.2268362045288086, -0.6526662111282349],
    [5.5804972648620605, -1.070770263671875, -0.5973877310752869],
    [3.700803518295288, -1.9726955890655518, -0.6586887240409851],
    [4.6837477684021, -0.7814560532569885, -0.5405716896057129],
    [4.947765827178955, -0.48348569869995117, -0.6056709885597229],
    [4.715261936187744, -0.37647920846939087, -0.6185545325279236],
    [5.131380081176758, -0.6103628277778625, -0.6676568388938904],
    [4.4276227951049805, -0.31489837169647217, -0.5957752466201782],
    [5.000770092010498, -0.6277347207069397, -0.6515107750892639],
    [7.199622631072998, 2.6007461547851562, -0.48136019706726074],
    [5.644059658050537, -0.7073696851730347, -0.5979827046394348],
    [7.153610706329346, 1.6127439737319946, -0.4674072265625],
    [5.77484130859375, 3.2700464725494385, -0.5411102771759033],
    [7.996665954589844, 0.6798854470252991, -0.5859078764915466],
    [5.548784255981445, -1.190920352935791, -0.6015784740447998],
    [5.5485711097717285, -1.0835180282592773, -0.642069935798645],
    [4.51993989944458, -1.1008926630020142, -0.5950151681900024],
    [4.940937519073486, -0.7095478177070618, -0.5530558228492737],
    [5.093748092651367, -0.6518340706825256, -0.6329488754272461],
    [5.179889678955078, -1.0123647451400757, -0.6862479448318481],
    [4.72196102142334, -1.0784698724746704, -0.6423252820968628],
    [5.286289215087891, -0.4078192412853241, -0.5640600323677063],
    [5.40811014175415, -0.7049979567527771, -0.6188092231750488],
    [8.769755363464355, 3.1818783283233643, -0.6200968623161316],
    [8.019720077514648, 4.6169023513793945, -0.6393699645996094],
    [7.918839454650879, 1.063103437423706, -0.5824249982833862],
    [5.601539134979248, -1.0476802587509155, -0.6749855279922485],
    [5.610715866088867, -0.987783670425415, -0.656654953956604],
    [3.7570502758026123, -1.6139177083969116, -0.6698881983757019],
    [3.8207855224609375, -1.5372259616851807, -0.643006443977356],
    [3.653856039047241, -1.6185975074768066, -0.5332421660423279],
    [3.464984893798828, -1.5520808696746826, -0.5346967577934265],
    [4.756590843200684, -0.908108115196228, -0.709869921207428],
    [5.267066478729248, -0.6027341485023499, -0.6325490474700928],
    [5.113479137420654, -0.313117116689682, -0.6845395565032959],
    [5.154026508331299, -0.5009816884994507, -0.6739696860313416],
    [4.790653705596924, -0.09758413583040237, -0.6445385813713074],
    [5.008020877838135, -0.6550242304801941, -0.5940298438072205],
    [7.183030128479004, 2.1935484409332275, -0.586333155632019],
    [5.491819381713867, -0.5873720645904541, -0.5289154052734375],
    [7.885290622711182, 3.0876288414001465, -0.5308572053909302],
    [6.600927352905273, 3.567641258239746, -0.5814552307128906],
    [8.169750213623047, 2.0139989852905273, -0.45997217297554016],
    [5.620019435882568, -1.133217692375183, -0.6665297746658325],
    [5.464291095733643, -1.0398812294006348, -0.6061078310012817],
    [3.571930170059204, -1.3807954788208008, -0.6087179183959961],
    [4.995678424835205, -1.1733249425888062, -0.7274554967880249],
    [5.259931564331055, -0.7743866443634033, -0.6548100709915161],
    [5.282959938049316, -0.6528191566467285, -0.6772778630256653],
    [5.298792362213135, -0.5282185673713684, -0.7634831666946411],
    [5.1204094886779785, -0.7113136649131775, -0.6255281567573547],
    [5.460986614227295, -0.28468722105026245, -0.6587164402008057],
    [5.897887706756592, -0.4796577990055084, -0.572584331035614],
    [6.405064582824707, -0.41940927505493164, -0.6016573309898376],
    [5.279266834259033, -1.311597466468811, -0.5215824246406555],
    [6.239856719970703, -0.6966841220855713, -0.5791049003601074],
    [5.454123497009277, -1.182528018951416, -0.6531208753585815],
    [5.598148822784424, -1.0782829523086548, -0.6166322827339172],
    [3.9205262660980225, -1.468161702156067, -0.6527302861213684],
    [3.8117406368255615, -1.2759984731674194, -0.6352529525756836],
    [3.528763771057129, -1.506322979927063, -0.5940282344818115],
    [3.6315033435821533, -1.5872043371200562, -0.579928457736969],
    [4.406955718994141, -1.6059445142745972, -0.7175363898277283],
    [5.039140224456787, -1.1578904390335083, -0.7345470190048218],
    [5.272553443908691, -0.43246662616729736, -0.7211769223213196],
    [5.491696834564209, -0.1905612051486969, -0.7282055020332336],
    [5.0114641189575195, 0.13063056766986847, -0.7399486899375916],
    [4.875499248504639, -0.5006605386734009, -0.6973989009857178],
    [8.464921951293945, 4.5755181312561035, -0.5595837235450745],
    [5.750169277191162, -0.6284228563308716, -0.5686370730400085],
    [8.422395706176758, 3.5366673469543457, -0.44292840361595154],
    [7.1912407875061035, 4.553093433380127, -0.5777910351753235],
    [8.580257415771484, 2.4329631328582764, -0.534825325012207],
    [5.588690280914307, -1.1781450510025024, -0.6753007173538208],
    [5.410933971405029, -1.058611512184143, -0.6263306736946106],
    [4.016685485839844, -1.2512564659118652, -0.6632391810417175],
    [3.8339993953704834, -1.214829683303833, -0.6157499551773071],
    [3.3643555641174316, -1.0897818803787231, -0.5529681444168091],
    [4.993654727935791, -0.7606543302536011, -0.7663476467132568],
    [5.422818183898926, -0.24404391646385193, -0.7199421525001526],
    [5.460873126983643, -0.34750857949256897, -0.6676966547966003],
    [4.806671619415283, -0.778887152671814, -0.656044602394104],
    [5.253925323486328, -0.6602082252502441, -0.6605753302574158],
    [5.608407974243164, -0.5741952061653137, -0.5519285202026367],
    [8.89500904083252, 4.738600254058838, -0.5278703570365906],
    [7.30867338180542, 4.725169658660889, -0.7053014039993286],
    [6.929164409637451, 0.0066843777894973755, -0.5761823654174805],
    [5.529933929443359, -1.1448928117752075, -0.7299935817718506],
    [5.584258556365967, -1.0817298889160156, -0.6331835389137268],
    [4.233880043029785, -1.3348503112792969, -0.6869270205497742],
    [3.9593594074249268, -1.0986377000808716, -0.6688207983970642],
    [3.5677523612976074, -0.9444500803947449, -0.555115282535553],
    [3.5840413570404053, -1.0843147039413452, -0.6111122369766235],
    [3.627901792526245, -1.1876059770584106, -0.6397202014923096],
    [4.199277400970459, -1.410383701324463, -0.6159238815307617],
    [4.940237998962402, -0.9941297769546509, -0.7444658279418945],
    [5.729802131652832, 0.15463408827781677, -0.7962465882301331],
    [4.820021629333496, 0.0035997480154037476, -0.6202704906463623],
    [4.991342067718506, -0.5653407573699951, -0.6801403164863586],
    [7.764145851135254, 4.421122074127197, -0.5706253051757812],
    [5.460204601287842, -0.7297617197036743, -0.5255519151687622],
    [8.632224082946777, 5.095134735107422, -0.32538819313049316],
    [7.664469242095947, 4.58848762512207, -0.4180139899253845],
    [9.178693771362305, 3.1579222679138184, -0.43407171964645386],
    [5.528967380523682, -1.1954522132873535, -0.6723799109458923],
    [5.436048984527588, -1.0479307174682617, -0.6504655480384827],
    [4.249859809875488, -1.450628399848938, -0.6624283790588379],
    [4.107079982757568, -1.2600831985473633, -0.6570776700973511],
    [3.4417202472686768, -0.6238822340965271, -0.5126241445541382],
    [3.520698070526123, -0.33006763458251953, -0.6279537677764893],
    [4.136845111846924, -0.6285790205001831, -0.585433304309845],
    [3.6805412769317627, -1.1898982524871826, -0.5401443243026733],
    [5.2158732414245605, -0.43126192688941956, -0.6719521880149841],
    [5.089004993438721, -0.40919366478919983, -0.5792301893234253],
    [5.1882004737854, -0.5034505724906921, -0.6259252429008484],
    [4.988864898681641, -0.6159810423851013, -0.6131479740142822],
    [5.775196552276611, -0.616370439529419, -0.5134539604187012],
    [6.433404445648193, -0.6757570505142212, -0.5091382265090942],
    [5.630314350128174, -1.657912254333496, -0.46832817792892456],
    [6.082974910736084, -0.8540191054344177, -0.5715958476066589],
    [5.457647323608398, -1.1955368518829346, -0.6784301400184631],
    [5.590213298797607, -1.1035226583480835, -0.6460873484611511],
    [4.427236080169678, -1.3902925252914429, -0.6537593007087708],
    [4.155581951141357, -1.3519288301467896, -0.6200560331344604],
    [3.945138454437256, -0.9450942873954773, -0.5070326328277588],
    [3.821263313293457, -0.8640332818031311, -0.607856810092926],
    [3.817467212677002, -0.5927188396453857, -0.595350444316864],
    [4.551565647125244, -0.2731403708457947, -0.5708473920822144],
    [3.178128480911255, 2.7268543243408203, -0.49759426712989807],
    [4.0519914627075195, -1.3507813215255737, -0.586789608001709],
    [4.958745956420898, -0.4006445109844208, -0.7556099891662598],
    [4.866098403930664, 0.0473034605383873, -0.5921574234962463],
    [4.997659683227539, -0.13258245587348938, -0.6614001393318176],
    [7.217794895172119, 3.682668447494507, -0.4313696622848511],
    [5.74972677230835, -0.9053356051445007, -0.5067519545555115],
    [8.660849571228027, 5.066621780395508, -0.4057390093803406],
    [8.176606178283691, 4.998510360717773, -0.4302131235599518],
    [9.237833023071289, 3.015876054763794, -0.5368368029594421],
    [5.46036958694458, -1.231109857559204, -0.6859029531478882],
    [5.392032623291016, -1.0475651025772095, -0.6543460488319397],
    [4.269554138183594, -1.303717017173767, -0.5774784684181213],
    [4.514825820922852, -1.2599153518676758, -0.5355035066604614],
    [4.148116588592529, -0.5101262927055359, -0.5509499311447144],
    [3.6307177543640137, 0.0871926099061966, -0.5922444462776184],
    [4.293737888336182, 0.6865386962890625, -0.48259904980659485],
    [3.9492685794830322, 0.5441505908966064, -0.4538620412349701],
    [4.6789093017578125, -0.3776356875896454, -0.6046732068061829],
    [4.738176345825195, -0.0010184049606323242, -0.6638150811195374],
    [5.027587890625, -0.012711569666862488, -0.5735072493553162],
    [4.921496391296387, -0.2555232644081116, -0.4769152104854584],
    [5.666620254516602, -0.44197767972946167, -0.48853954672813416],
    [8.367724418640137, 4.558548927307129, -0.4500301480293274],
    [6.169322967529297, 4.3453569412231445, -0.6527670621871948],
    [5.614846706390381, -1.0706361532211304, -0.56769859790802],
    [5.416098594665527, -1.1874277591705322, -0.6725237369537354],
    [5.493655204772949, -1.0961734056472778, -0.6052576303482056],
    [4.467714786529541, -1.3288400173187256, -0.6149430274963379],
    [4.493329048156738, -1.2819610834121704, -0.5515267848968506],
    [4.518703937530518, -0.7105488181114197, -0.6253202557563782],
    [4.277483940124512, -0.6107286214828491, -0.5059939622879028],
    [4.489688873291016, 0.015266463160514832, -0.44094815850257874],
    [4.055047035217285, 3.1994500160217285, -0.36895230412483215],
    [4.065022945404053, -0.7358718514442444, -0.5783114433288574],
    [4.385422229766846, -0.985040009021759, -0.7227312326431274],
    [4.52597188949585, -0.1825370192527771, -0.6250893473625183],
    [4.970371246337891, -0.3768821954727173, -0.6293465495109558],
    [7.461000919342041, 4.615577220916748, -0.48022788763046265],
    [5.363600730895996, -0.7923063039779663, -0.49158576130867004],
    [8.72558879852295, 5.066745758056641, -0.4581265449523926],
    [8.975980758666992, 4.103194713592529, -0.5772794485092163],
    [9.36137866973877, 3.5942904949188232, -0.6069918870925903],
    [5.43949031829834, -1.2378222942352295, -0.6490055322647095],
    [5.417687892913818, -1.0891163349151611, -0.587225615978241],
    [4.61751127243042, -1.4790691137313843, -0.6041738390922546],
    [4.672800064086914, -1.4414721727371216, -0.6145718097686768],
    [4.375329971313477, -0.9416108727455139, -0.6725034713745117],
    [2.5031213760375977, 0.870893120765686, -0.6541471481323242],
    [3.9468183517456055, -0.991355836391449, -0.539894700050354],
    [4.180356979370117, -0.6308660507202148, -0.5674989819526672],
    [4.667027950286865, -1.0834964513778687, -0.6393404603004456],
    [5.217559814453125, -0.6750526428222656, -0.6534380912780762],
    [5.235995769500732, -0.5847408771514893, -0.5765537619590759],
    [5.64375114440918, -0.9766336679458618, -0.6642915606498718],
    [5.866968154907227, -1.687211513519287, -0.5755133032798767],
    [5.325872421264648, -1.323188066482544, -0.5784574151039124],
    [5.469112396240234, -1.1853468418121338, -0.7094595432281494],
    [5.469539165496826, -1.0643872022628784, -0.6019694209098816],
    [4.829102993011475, -1.8384203910827637, -0.6576018333435059],
    [4.775642395019531, -1.8846662044525146, -0.6364789605140686],
    [4.598212242126465, -2.157156467437744, -0.7230700254440308],
    [4.151014804840088, -2.0839998722076416, -0.6857653856277466],
    [4.169652938842773, -1.796861171722412, -0.6141029596328735],
    [4.455155849456787, -1.9233779907226562, -0.6055482625961304],
    [4.942306995391846, -1.5730805397033691, -0.690764307975769],
    [5.536656379699707, -0.8976374864578247, -0.7089917659759521],
    [5.257041931152344, -1.574353814125061, -0.7333883047103882],
    [5.631298065185547, -1.1783490180969238, -0.6804081201553345],
    [5.989367485046387, -1.726235032081604, -0.6635240316390991],
    [5.895820140838623, -1.675356149673462, -0.6708849668502808],
    [6.021407127380371, -1.2827497720718384, -0.7046797871589661],
    [5.499767780303955, -1.1775444746017456, -0.7272025346755981],
    [5.541313648223877, -1.4136124849319458, -0.7128032445907593],
    [3.983543634414673, -1.7002707719802856, -0.5459538102149963],
    [4.147320747375488, -1.7953003644943237, -0.5583222508430481],
    [2.0283102989196777, -2.256256103515625, -0.49494948983192444],
    [4.185696601867676, -1.8844053745269775, -0.5593452453613281],
    [1.471520185470581, -2.212048053741455, -0.4687379002571106],
    [3.8478639125823975, -1.432862401008606, -0.561336874961853],
    [2.126422882080078, -1.9308573007583618, -0.4863920509815216],
    [1.5181031227111816, -2.0023679733276367, -0.48060035705566406],
    [3.620128631591797, -1.7889325618743896, -0.5901638865470886],
    [4.20341682434082, -1.2752866744995117, -0.6148996949195862],
    [3.858248710632324, -1.628469467163086, -0.5704280734062195],
    [5.424081325531006, -1.0035827159881592, -0.589938759803772],
    [5.1883368492126465, -1.1432914733886719, -0.5803137421607971],
    [4.214474201202393, -1.7974177598953247, -0.5668004155158997],
    [4.219930171966553, -1.8167502880096436, -0.542043149471283],
    [4.075117111206055, -1.7384544610977173, -0.5488947033882141],
    [4.097657203674316, -1.786881446838379, -0.5669341087341309],
    [4.151306629180908, -1.675221562385559, -0.5774526596069336],
    [4.221583366394043, -1.5880991220474243, -0.5602236986160278],
    [4.212428569793701, -1.6456671953201294, -0.5270068645477295],
    [4.113462448120117, -1.4340503215789795, -0.5396516919136047],
    [4.132915496826172, -1.5348846912384033, -0.5197491645812988],
    [3.9859869480133057, -1.392401933670044, -0.5353289842605591],
    [3.9179821014404297, -1.4927946329116821, -0.5434161424636841],
    [3.340167760848999, -1.5200682878494263, -0.5744145512580872],
    [3.3684020042419434, -1.6302870512008667, -0.5229031443595886],
    [2.486823081970215, -2.062462568283081, -0.5638219118118286],
    [3.5941522121429443, -1.7119852304458618, -0.5609841346740723],
    [3.8960824012756348, -1.5796070098876953, -0.552322506904602],
    [4.129534721374512, -1.653346061706543, -0.550450325012207],
    [5.813539981842041, -1.0054765939712524, -0.6127270460128784],
    [5.212681293487549, -1.2681750059127808, -0.6132171154022217],
    [5.204662322998047, -1.3641802072525024, -0.6250608563423157],
    [4.109217166900635, -1.699965238571167, -0.6002475023269653],
    [4.020359992980957, -1.6620038747787476, -0.5538880825042725],
    [3.984936237335205, -1.7931243181228638, -0.5505518913269043],
    [3.9018540382385254, -1.6193873882293701, -0.5419458150863647],
    [4.153059005737305, -1.7495789527893066, -0.5833280086517334],
    [4.092918872833252, -1.4854439496994019, -0.5478501915931702],
    [4.245236396789551, -1.6023668050765991, -0.5254229307174683],
    [4.046260356903076, -1.3143726587295532, -0.5489115118980408],
    [4.035396575927734, -1.6048537492752075, -0.5479345321655273],
    [3.9858388900756836, -1.3692187070846558, -0.543586015701294],
    [3.6781668663024902, -1.5135672092437744, -0.5330429077148438],
    [3.610773801803589, -1.115862488746643, -0.5810863375663757],
    [3.4832544326782227, -1.4203399419784546, -0.5509993433952332],
    [3.4219374656677246, -1.1617683172225952, -0.5470836758613586],
    [3.11586594581604, -1.474252700805664, -0.5421173572540283],
    [4.580801010131836, -1.1685099601745605, -0.6092059016227722],
    [3.434239625930786, -1.7343778610229492, -0.5985187888145447],
    [5.417912006378174, -1.240381121635437, -0.6303070187568665],
    [5.359511852264404, -1.231519103050232, -0.6129534244537354],
    [5.4320783615112305, -1.2200335264205933, -0.6405115723609924],
    [4.029313087463379, -1.7538363933563232, -0.588196337223053],
    [3.9638662338256836, -1.8548874855041504, -0.5928229689598083],
    [4.098494529724121, -1.8673317432403564, -0.5969046354293823],
    [4.015125274658203, -1.789687156677246, -0.5768348574638367],
    [3.9855923652648926, -1.5837287902832031, -0.5788235664367676],
    [4.225091934204102, -1.485424518585205, -0.5059309601783752],
    [4.1464762687683105, -1.161025047302246, -0.5338767170906067],
    [4.1446356773376465, -1.1751000881195068, -0.531744658946991],
    [3.905867099761963, -0.9866350889205933, -0.5455657243728638],
    [3.9042868614196777, -1.2240791320800781, -0.53452068567276],
    [4.620911121368408, -0.5207856297492981, -0.5919291973114014],
    [3.7577290534973145, -1.2017573118209839, -0.5711847543716431],
    [3.140791177749634, -1.5621966123580933, -0.5389718413352966],
    [3.5019912719726562, -1.718253254890442, -0.5665904879570007],
    [2.9868340492248535, -2.0275585651397705, -0.53542560338974],
    [3.988521099090576, -1.4726474285125732, -0.5996648073196411],
    [5.460009574890137, -1.2461811304092407, -0.6225900650024414],
    [5.404015064239502, -1.231977105140686, -0.6275300979614258],
    [3.899259567260742, -1.930092692375183, -0.6247860193252563],
    [3.951871395111084, -1.856367588043213, -0.6034122705459595],
    [3.9239211082458496, -1.9163625240325928, -0.6055561900138855],
    [3.802032470703125, -1.7382359504699707, -0.5679145455360413],
    [3.787717819213867, -1.669741153717041, -0.5091061592102051],
    [4.0051751136779785, -1.408278226852417, -0.4878520965576172],
    [4.207305431365967, -1.2282850742340088, -0.5470534563064575],
    [4.34235954284668, -0.9745802283287048, -0.5758445858955383],
    [4.312328338623047, -0.858711838722229, -0.5580407381057739],
    [3.907606363296509, -0.9763916730880737, -0.582395076751709],
    [3.9723715782165527, -1.0087873935699463, -0.6013429164886475],
    [4.033831596374512, -0.8184932470321655, -0.5468266606330872],
    [7.5653533935546875, 1.1048246622085571, -0.5842111110687256],
    [3.423203468322754, -1.544919490814209, -0.6125391125679016],
    [7.990451335906982, 1.1785377264022827, -0.617634654045105],
    [5.3623456954956055, -1.2334198951721191, -0.5977033376693726],
    [5.502328872680664, -1.1190824508666992, -0.6193703413009644],
    [3.746922492980957, -1.9966198205947876, -0.6751470565795898],
    [3.8763835430145264, -1.857796311378479, -0.6275196075439453],
    [3.82631778717041, -1.8922849893569946, -0.6509530544281006],
    [4.09707498550415, -1.9549791812896729, -0.5964325070381165],
    [3.804314136505127, -1.7226603031158447, -0.5771607756614685],
    [3.996830463409424, -1.406205415725708, -0.5280205011367798],
    [4.3797078132629395, -1.4121463298797607, -0.5095858573913574],
    [4.349007606506348, -1.0676460266113281, -0.5461100339889526],
    [4.69203519821167, -0.8918784260749817, -0.610674262046814],
    [4.331031322479248, -0.6465373039245605, -0.5392023324966431],
    [4.576653480529785, -0.8683837652206421, -0.5538302063941956],
    [4.193342685699463, -0.5375434756278992, -0.5226660966873169],
    [4.3704023361206055, -0.7041140794754028, -0.5564984679222107],
    [5.769743919372559, 0.08377957344055176, -0.5666208863258362],
    [5.441152572631836, -0.7677464485168457, -0.5414360761642456],
    [7.233205795288086, 0.38990485668182373, -0.5418950319290161],
    [4.949660301208496, -1.4122787714004517, -0.5258485078811646],
    [7.293050289154053, -0.0068019479513168335, -0.5324733257293701],
    [5.501430034637451, -1.2478041648864746, -0.6707044839859009],
    [5.473874568939209, -1.1403545141220093, -0.6007610559463501],
    [3.5998222827911377, -1.9391764402389526, -0.6868290901184082],
    [3.655068874359131, -1.8666412830352783, -0.636110782623291],
    [3.5220999717712402, -2.0056192874908447, -0.6671651601791382],
    [3.522663116455078, -1.7825427055358887, -0.6182134747505188],
    [3.7043607234954834, -1.6575002670288086, -0.6922181248664856],
    [3.6979422569274902, -1.5385410785675049, -0.5949058532714844],
    [4.112748622894287, -1.4605804681777954, -0.5164223313331604],
    [4.336699485778809, -1.0642191171646118, -0.5584931373596191],
    [4.836683750152588, -0.7962518930435181, -0.5992951393127441],
    [4.697968006134033, -0.817092776298523, -0.5979071855545044],
    [4.7172746658325195, -0.5451981425285339, -0.5518413782119751],
    [6.131640911102295, -0.31218379735946655, -0.536298394203186],
    [6.136451244354248, -0.8571488261222839, -0.5342042446136475],
    [5.482906818389893, -1.1790388822555542, -0.6240894794464111],
    [5.539847373962402, -1.0271918773651123, -0.5973038077354431],
    [3.618607997894287, -1.8930606842041016, -0.6571827530860901],
    [3.6906752586364746, -1.7334612607955933, -0.6100420355796814],
    [3.550586700439453, -1.7818037271499634, -0.6434282660484314],
    [3.8779139518737793, -1.8976819515228271, -0.6250653266906738],
    [3.595863103866577, -1.9478451013565063, -0.748874306678772],
    [3.9676761627197266, -1.4518656730651855, -0.7015777826309204],
    [4.260054111480713, -1.2526391744613647, -0.6290456056594849],
    [4.798871040344238, -0.8238972425460815, -0.49612367153167725],
    [5.075318813323975, -0.665168285369873, -0.5927385687828064],
    [4.776857376098633, -0.47338807582855225, -0.5741318464279175],
    [5.19805908203125, -0.706305980682373, -0.6290553212165833],
    [4.471421241760254, -0.37705615162849426, -0.5368800759315491],
    [5.167571544647217, -0.5401246547698975, -0.6074528694152832],
    [7.054577350616455, 2.3905370235443115, -0.4669885039329529],
    [5.735199451446533, -0.7062038779258728, -0.591086208820343],
    [6.957508563995361, 0.4495837688446045, -0.45372509956359863],
    [5.380061626434326, -0.8275171518325806, -0.5260778665542603],
    [7.358315467834473, -0.11798818409442902, -0.5634795427322388],
    [5.515921592712402, -1.1244441270828247, -0.6169988512992859],
    [5.528772830963135, -1.0274603366851807, -0.6469433903694153],
    [3.535552501678467, -1.6615445613861084, -0.6607562899589539],
    [3.3733553886413574, -1.6789636611938477, -0.5671989321708679],
    [3.1401143074035645, -1.888596773147583, -0.5569482445716858],
    [3.151437997817993, -1.8658735752105713, -0.6138485670089722],
    [3.452955484390259, -1.6348588466644287, -0.7319276928901672],
    [3.322234630584717, -1.656258463859558, -0.6885978579521179],
    [4.139679431915283, -1.2327468395233154, -0.708966851234436],
    [4.464786529541016, -0.7885419726371765, -0.5492979884147644],
    [5.005518436431885, -0.5092939138412476, -0.5836219191551208],
    [4.928837299346924, -0.6439523696899414, -0.5759162306785583],
    [5.268531322479248, -0.3806021809577942, -0.49935224652290344],
    [8.112035751342773, 1.8177435398101807, -0.5717923045158386],
    [5.9285736083984375, -0.35422033071517944, -0.5751881003379822],
    [7.554762840270996, 0.8309585452079773, -0.5807192325592041],
    [5.571066379547119, -1.0071685314178467, -0.6383138298988342],
    [3.712472438812256, -1.539839267730713, -0.6626058220863342],
    [3.738495111465454, -1.4605318307876587, -0.631896436214447],
    [3.29103946685791, -1.7098501920700073, -0.5497435331344604],
    [3.2769243717193604, -1.7354158163070679, -0.5378143191337585],
    [3.5037667751312256, -2.0283045768737793, -0.6415987610816956],
    [3.5629916191101074, -1.7883434295654297, -0.7246658205986023],
    [4.037397861480713, -1.3735591173171997, -0.7355431318283081],
    [4.9619364738464355, -0.8647798299789429, -0.6881205439567566],
    [5.24343204498291, -0.5430993437767029, -0.6032901406288147],
    [5.157543182373047, -0.44748568534851074, -0.6272646188735962],
    [5.276378631591797, -0.5217272639274597, -0.6436042785644531],
    [4.803620338439941, -0.10725337266921997, -0.5413540601730347],
    [5.149227142333984, -0.5399030447006226, -0.5532699823379517],
    [7.08918571472168, 1.757001280784607, -0.5462039113044739],
    [5.603903770446777, -0.5761517882347107, -0.529560387134552],
    [7.846513748168945, 1.8639264106750488, -0.5483139753341675],
    [6.7127180099487305, 0.6483989953994751, -0.5466722846031189],
    [7.902514457702637, 1.4526338577270508, -0.4927392601966858],
    [5.580648422241211, -1.059304118156433, -0.6642710566520691],
    [5.439088821411133, -1.0077909231185913, -0.6072215437889099],
    [3.7729644775390625, -1.3117574453353882, -0.6393331289291382],
    [3.5370821952819824, -1.373661994934082, -0.5971941947937012],
    [3.3392131328582764, -1.550714373588562, -0.5890154242515564],
    [2.958066463470459, -1.5228915214538574, -0.5403152108192444],
    [3.3556644916534424, -1.686356544494629, -0.6383047103881836],
    [3.2534561157226562, -1.4047393798828125, -0.6462538242340088],
    [3.816343307495117, -1.4465281963348389, -0.7540871500968933],
    [3.7219882011413574, -1.4190850257873535, -0.7204633951187134],
    [5.028379440307617, -0.9384615421295166, -0.7031270265579224],
    [5.114747047424316, -0.529697835445404, -0.6152552366256714],
    [5.276708602905273, -0.408080518245697, -0.6906827688217163],
    [5.508012771606445, -0.27564674615859985, -0.602840781211853],
    [6.31380558013916, -0.441402792930603, -0.5568947792053223],
    [5.048703670501709, -1.3316782712936401, -0.5144903659820557],
    [6.231075763702393, -0.679375171661377, -0.5581375360488892],
    [5.452731609344482, -1.1402298212051392, -0.6145109534263611],
    [5.55525541305542, -1.017348289489746, -0.6123283505439758],
    [3.899293899536133, -1.4010636806488037, -0.6400943398475647],
    [3.704306125640869, -1.237717866897583, -0.6267648339271545],
    [3.4338343143463135, -1.1883618831634521, -0.5641164779663086],
    [3.122957229614258, -1.470265507698059, -0.5410504341125488],
    [3.4107048511505127, -1.70477294921875, -0.5936093926429749],
    [3.4222209453582764, -1.7978252172470093, -0.6058140993118286],
    [3.6844089031219482, -1.69107186794281, -0.6817967891693115],
    [4.444582462310791, -1.3481580018997192, -0.6994789838790894],
    [5.001067638397217, -1.025315284729004, -0.7124341726303101],
    [5.448580741882324, -0.4960505962371826, -0.6771893501281738],
    [5.660795211791992, -0.12744343280792236, -0.6928690671920776],
    [5.1127214431762695, 0.0769420862197876, -0.6363953351974487],
    [5.291507244110107, -0.4773523509502411, -0.6598265767097473],
    [8.331257820129395, 3.94130539894104, -0.5195114612579346],
    [5.951396465301514, -0.5683823227882385, -0.5609951019287109],
    [8.344123840332031, 2.725771427154541, -0.45893001556396484],
    [8.301368713378906, 1.4715416431427002, -0.5174376368522644],
    [5.550929069519043, -1.0784854888916016, -0.6746525168418884],
    [5.403829574584961, -1.0237270593643188, -0.6260709762573242],
    [3.9683592319488525, -1.2443163394927979, -0.6616249680519104],
    [3.816079616546631, -1.2318227291107178, -0.606389582157135],
    [3.5847551822662354, -1.3291425704956055, -0.6218885779380798],
    [3.168882131576538, -1.070185661315918, -0.5367377400398254],
    [3.5349369049072266, -1.4107226133346558, -0.603558361530304],
    [3.280250072479248, -1.2090927362442017, -0.6241981387138367],
    [3.7531917095184326, -1.7931196689605713, -0.7242745161056519],
    [3.7342543601989746, -1.7554861307144165, -0.678808331489563],
    [4.8119730949401855, -1.494637370109558, -0.6849483847618103],
    [4.998469352722168, -0.31458428502082825, -0.7250865697860718],
    [5.390808582305908, -0.10408985614776611, -0.6205348372459412],
    [5.24208927154541, -0.5547304749488831, -0.5775238275527954],
    [6.729710578918457, -0.14668045938014984, -0.590174674987793],
    [6.8742804527282715, -0.0827607810497284, -0.5777536630630493],
    [5.533111572265625, -1.1087148189544678, -0.6872658133506775],
    [4.242425441741943, -1.3259165287017822, -0.681146502494812],
    [3.91292142868042, -1.0517499446868896, -0.6415801644325256],
    [3.656576156616211, -1.0045689344406128, -0.61623215675354],
    [3.322676181793213, -1.0356624126434326, -0.5501622557640076],
    [3.512403726577759, -1.1947674751281738, -0.5867587924003601],
    [3.3355021476745605, -1.3539650440216064, -0.6599119901657104],
    [3.960177183151245, -1.4934730529785156, -0.6575543284416199],
    [3.2610561847686768, -1.9582833051681519, -0.6992497444152832],
    [4.582677364349365, -1.6014684438705444, -0.6771207451820374],
    [5.131722927093506, -0.9466549754142761, -0.7307044267654419],
    [6.011359691619873, 0.1948040872812271, -0.769852876663208],
    [5.083706855773926, -0.09330598264932632, -0.5438712239265442],
    [5.220582008361816, -0.5301944613456726, -0.6517914533615112],
    [7.6129655838012695, 3.4067959785461426, -0.5229198336601257],
    [5.598205089569092, -0.7539723515510559, -0.5101977586746216],
    [8.906770706176758, 3.948185682296753, -0.3034652769565582],
    [7.843386173248291, 0.3867618143558502, -0.41784021258354187],
    [9.238826751708984, 2.8457093238830566, -0.4541509449481964],
    [5.506922245025635, -1.08747398853302, -0.670097827911377],
    [5.441579818725586, -1.0158233642578125, -0.6513057351112366],
    [4.240116596221924, -1.4436112642288208, -0.6568660736083984],
    [4.053378105163574, -1.2904250621795654, -0.648726224899292],
    [3.6288652420043945, -1.4009045362472534, -0.6211271286010742],
    [3.274714469909668, -0.8095547556877136, -0.5181950926780701],
    [3.5230517387390137, -0.7059636116027832, -0.5959606170654297],
    [3.2553746700286865, -0.5835204124450684, -0.5830348134040833],
    [3.1663331985473633, -1.4807710647583008, -0.6036384701728821],
    [4.220672130584717, -1.5774484872817993, -0.6691780090332031],
    [3.764995574951172, -1.2567696571350098, -0.7539205551147461],
    [5.392904758453369, -0.5083647966384888, -0.6924224495887756],
    [5.04656457901001, -0.07609885185956955, -0.5319020748138428],
    [5.062026023864746, -0.4747157394886017, -0.5376334190368652],
    [6.361535549163818, -0.6785416603088379, -0.46019884943962097],
    [5.306929588317871, -1.4862279891967773, -0.4374735653400421],
    [6.091446876525879, -0.8530248999595642, -0.5598942637443542],
    [5.46840238571167, -1.16217041015625, -0.656747579574585],
    [4.44431734085083, -1.3456825017929077, -0.6349343061447144],
    [4.133763313293457, -1.3590116500854492, -0.621373176574707],
    [4.007486820220947, -0.9675439596176147, -0.6059248447418213],
    [3.7723636627197266, -1.1317777633666992, -0.5162204504013062],
    [3.7003896236419678, -1.068145990371704, -0.576433002948761],
    [3.5017266273498535, -0.9599000215530396, -0.5734291672706604],
    [3.6828413009643555, -1.6125447750091553, -0.6103073358535767],
    [4.38010311126709, -0.8889696002006531, -0.6987653970718384],
    [5.031330585479736, -0.3220563232898712, -0.7165825963020325],
    [5.049259185791016, -0.05315783619880676, -0.5352721810340881],
    [5.281861305236816, -0.2118316888809204, -0.6169268488883972],
    [7.347212791442871, 3.1187644004821777, -0.39196181297302246],
    [5.911657810211182, -0.9348591566085815, -0.4860696494579315],
    [8.87966251373291, 4.517791271209717, -0.3955758810043335],
    [8.797764778137207, -0.15897151827812195, -0.4752919375896454],
    [9.25531005859375, 1.9632847309112549, -0.506145715713501],
    [5.429664134979248, -1.1338880062103271, -0.6841404438018799],
    [5.355544090270996, -1.0642426013946533, -0.6546734571456909],
    [4.270495414733887, -1.2804622650146484, -0.5696011781692505],
    [4.514455318450928, -1.2870337963104248, -0.5324211716651917],
    [4.110201358795166, -1.4073294401168823, -0.6215927004814148],
    [4.151878833770752, -0.7621669173240662, -0.5554460883140564],
    [3.8238697052001953, -0.6644160151481628, -0.5453475117683411],
    [3.407219171524048, -0.035935238003730774, -0.5219378471374512],
    [3.5738823413848877, -0.8258886933326721, -0.5886544585227966],
    [3.279799699783325, -1.1398344039916992, -0.5552214980125427],
    [4.802203178405762, -0.28927668929100037, -0.5884743332862854],
    [4.554152011871338, 0.09172751009464264, -0.6276370882987976],
    [4.898311614990234, -0.17133773863315582, -0.4330309331417084],
    [5.907502174377441, -0.8977082967758179, -0.5431122183799744],
    [5.619609355926514, -0.9877558946609497, -0.5618508458137512],
    [5.425497055053711, -1.138344407081604, -0.6525154709815979],
    [4.448633670806885, -1.3081879615783691, -0.6165659427642822],
    [4.494326114654541, -1.2497613430023193, -0.535407304763794],
    [4.471350193023682, -0.7399572730064392, -0.6172640919685364],
    [4.550173759460449, -0.9240888357162476, -0.6391480565071106],
    [4.030706405639648, -1.0320991277694702, -0.5881674289703369],
    [4.145288944244385, -0.8281683921813965, -0.4964119493961334],
    [2.962620973587036, -0.826944887638092, -0.397430956363678],
    [3.620326519012451, -1.3381574153900146, -0.6189113259315491],
    [3.411337375640869, -0.981268048286438, -0.5466041564941406],
    [4.4363484382629395, -0.7042030096054077, -0.6931043267250061],
    [4.724906921386719, -0.40142396092414856, -0.6050737500190735],
    [4.979734420776367, -0.2573206126689911, -0.5834270715713501],
    [7.293997764587402, 3.39459490776062, -0.4067041277885437],
    [5.417174339294434, -0.8202251195907593, -0.4774910509586334],
    [8.766287803649902, 4.33875036239624, -0.4647054970264435],
    [8.935187339782715, -2.3552308082580566, -0.5238012671470642],
    [9.322308540344238, 3.196357011795044, -0.6188831329345703],
    [5.404260635375977, -1.1238853931427002, -0.6439846158027649],
    [5.381495475769043, -1.0744447708129883, -0.591875433921814],
    [4.575152397155762, -1.4606894254684448, -0.592764139175415],
    [4.673506259918213, -1.3614169359207153, -0.6061007380485535],
    [4.266421794891357, -1.4630768299102783, -0.6245087385177612],
    [4.476428985595703, -1.0096142292022705, -0.653710663318634],
    [2.8984076976776123, -1.9943060874938965, -0.6457070112228394],
    [3.864689826965332, -0.987479031085968, -0.5476544499397278],
    [2.7376327514648438, -1.6191964149475098, -0.5276517868041992],
    [3.737701416015625, -0.8166441321372986, -0.5883750915527344],
    [2.722945213317871, -1.6324188709259033, -0.7029301524162292],
    [3.7762224674224854, -1.2345536947250366, -0.5625792741775513],
    [3.6884372234344482, -1.2514539957046509, -0.6267836093902588],
    [4.625838756561279, -0.7457467317581177, -0.627527117729187],
    [5.1128950119018555, -0.47457894682884216, -0.6156562566757202],
    [5.596295356750488, -0.7948198914527893, -0.6268630623817444],
    [5.729925632476807, -1.4671608209609985, -0.5682245492935181],
    [5.205752372741699, -1.27455472946167, -0.5831118822097778],
    [5.456098556518555, -1.1997268199920654, -0.6971983313560486],
    [5.406380653381348, -1.0818837881088257, -0.6063496470451355],
    [4.839982032775879, -1.774255394935608, -0.6427212357521057],
    [4.777738571166992, -1.8970799446105957, -0.6400336027145386],
    [4.79915714263916, -1.602020025253296, -0.6767302751541138],
    [4.509659767150879, -2.0815961360931396, -0.7256820201873779],
    [4.371738433837891, -2.115288734436035, -0.7454330325126648],
    [3.983405113220215, -2.26665997505188, -0.6929003000259399],
    [4.286247730255127, -2.118104934692383, -0.6449171900749207],
    [3.819032669067383, -2.073951244354248, -0.6216138601303101],
    [4.03665828704834, -1.8750735521316528, -0.5423346757888794],
    [4.166269779205322, -1.9348387718200684, -0.6053317785263062],
    [4.666774749755859, -1.5741803646087646, -0.6266512870788574],
    [4.835501194000244, -1.4203293323516846, -0.7059813737869263],
    [5.4949564933776855, -0.6932084560394287, -0.6954920291900635],
    [5.196770191192627, -1.3445746898651123, -0.726463794708252],
    [5.635734558105469, -1.064440369606018, -0.6683664917945862],
    [5.95333194732666, -1.6616636514663696, -0.643921971321106],
    [5.807445049285889, -2.0039587020874023, -0.6513090133666992],
    [5.917039394378662, -1.3896528482437134, -0.6952035427093506],
    [5.447389602661133, -1.2211887836456299, -0.7143373489379883]
]
