[
    [4.16779899597168, -1.6955478191375732, -0.5485276579856873],
    [4.028939723968506, -1.3802798986434937, -0.5771503448486328],
    [5.249388694763184, -1.1179335117340088, -0.5641168355941772],
    [5.181387901306152, -1.22750985622406, -0.644195556640625],
    [5.091847896575928, -1.1894588470458984, -0.6329345703125],
    [4.32226037979126, -1.8521325588226318, -0.5786455273628235],
    [4.355554580688477, -1.579681396484375, -0.5380841493606567],
    [4.247179985046387, -1.5022482872009277, -0.5919256806373596],
    [4.2195820808410645, -1.5602971315383911, -0.6053857207298279],
    [4.180002212524414, -1.4482998847961426, -0.5295832753181458],
    [4.161327362060547, -1.4672597646713257, -0.5448961853981018],
    [4.015957832336426, -1.4111430644989014, -0.609504759311676],
    [4.144077777862549, -2.2049455642700195, -0.5731561779975891],
    [5.719004154205322, -0.9209935665130615, -0.6222225427627563],
    [5.274281024932861, -1.28425133228302, -0.624875545501709],
    [5.230464935302734, -1.3207762241363525, -0.6590981483459473],
    [4.1448798179626465, -1.859045147895813, -0.5836492776870728],
    [4.2211737632751465, -1.659049391746521, -0.5419216156005859],
    [4.344575881958008, -1.4616481065750122, -0.5402172207832336],
    [4.245329856872559, -1.1996532678604126, -0.5214858651161194],
    [4.263801097869873, -1.2452373504638672, -0.6093578934669495],
    [4.145149230957031, -1.2051093578338623, -0.631138026714325],
    [4.646475315093994, -1.1185818910598755, -0.5566401481628418],
    [5.396583557128906, -1.189295768737793, -0.6022486090660095],
    [5.398456573486328, -1.2821084260940552, -0.6260300874710083],
    [5.4973249435424805, -1.1827932596206665, -0.656827449798584],
    [4.070806980133057, -2.0020995140075684, -0.5943060517311096],
    [4.054124355316162, -1.6498832702636719, -0.5426103472709656],
    [4.443097114562988, -1.6714568138122559, -0.5710668563842773],
    [4.1739726066589355, -1.5827158689498901, -0.6376435160636902],
    [4.1625752449035645, -1.213059425354004, -0.5542670488357544],
    [4.352851867675781, -1.0573064088821411, -0.5729956030845642],
    [4.0408711433410645, -0.9643785357475281, -0.584678053855896],
    [4.219797134399414, -1.0388129949569702, -0.5959703326225281],
    [4.521217346191406, -0.6831792593002319, -0.6549452543258667],
    [2.9943835735321045, 2.1840786933898926, -0.5669054985046387],
    [6.959232807159424, -0.6571122407913208, -0.5665128827095032],
    [5.5787353515625, -1.2284419536590576, -0.6491367816925049],
    [5.502760887145996, -1.1385250091552734, -0.612671434879303],
    [4.344193935394287, -1.7706464529037476, -0.5697585344314575],
    [4.284425258636475, -1.548974633216858, -0.568038284778595],
    [4.701320171356201, -0.6950565576553345, -0.5519662499427795],
    [4.5288405418396, -1.0618672370910645, -0.6342983841896057],
    [4.3664231300354, -0.9362752437591553, -0.6296526789665222],
    [7.301491737365723, 0.9888850450515747, -0.6391436457633972],
    [4.831234931945801, 4.024046421051025, -0.6134384274482727],
    [8.057361602783203, 3.214447021484375, -0.60816890001297],
    [5.44663667678833, -1.1999101638793945, -0.6423926949501038],
    [5.595268726348877, -1.0643454790115356, -0.6278569102287292],
    [4.088315963745117, -1.957172155380249, -0.5898089408874512],
    [4.075873374938965, -1.689860463142395, -0.56621915102005],
    [4.514913558959961, -1.0779727697372437, -0.5683707594871521],
    [4.92611026763916, -0.6986544132232666, -0.6024931073188782],
    [4.532628059387207, -0.4836450219154358, -0.5978773832321167],
    [5.066786289215088, -0.6318991184234619, -0.6344624757766724],
    [4.458038330078125, -0.4734383821487427, -0.6431485414505005],
    [4.386590957641602, -0.7572978138923645, -0.6229836940765381],
    [5.201285362243652, -0.17771214246749878, -0.5376235842704773],
    [4.82806921005249, -1.0801740884780884, -0.5546554327011108],
    [5.684632778167725, 3.6225955486297607, -0.5077359676361084],
    [4.048093318939209, 2.1109933853149414, -0.47019606828689575],
    [7.749570846557617, 0.31298643350601196, -0.6412218809127808],
    [5.549294948577881, -1.1669636964797974, -0.6320586204528809],
    [5.584505081176758, -1.0676172971725464, -0.5920935869216919],
    [3.9428391456604004, -1.9412773847579956, -0.6579571962356567],
    [5.14179801940918, -0.9899374842643738, -0.6286110877990723],
    [5.173093795776367, -0.8619995713233948, -0.6413090229034424],
    [4.740518569946289, -0.746904194355011, -0.6321690082550049],
    [4.721858024597168, -0.4662766754627228, -0.5798357725143433],
    [5.473743438720703, -0.5918501615524292, -0.5201728343963623],
    [6.094113826751709, -0.22259268164634705, -0.5416269302368164],
    [4.757204532623291, -1.0403494834899902, -0.45089733600616455],
    [6.137847423553467, -0.5696020126342773, -0.5812547206878662],
    [5.5313401222229, -1.0911204814910889, -0.6636080145835876],
    [5.603954792022705, -0.9705814123153687, -0.6232987642288208],
    [3.8656418323516846, -1.8512996435165405, -0.6330427527427673],
    [4.901473522186279, -1.314141035079956, -0.5186799764633179],
    [5.135683059692383, -0.9122868776321411, -0.5676268935203552],
    [4.8887457847595215, -0.4724191725254059, -0.6016273498535156],
    [5.260253429412842, -0.46835190057754517, -0.6222562193870544],
    [4.836060523986816, -0.116721972823143, -0.6216290593147278],
    [4.963555812835693, -0.33246466517448425, -0.6268114447593689],
    [7.432873725891113, 2.5458409786224365, -0.5136845111846924],
    [5.496474742889404, -0.746512770652771, -0.5417280197143555],
    [6.877618312835693, 1.873502492904663, -0.46826791763305664],
    [5.48396635055542, 2.6063807010650635, -0.5413325428962708],
    [7.913771152496338, 1.09205961227417, -0.5465522408485413],
    [5.651918411254883, -1.0300767421722412, -0.6701195240020752],
    [5.670718193054199, -0.9379112720489502, -0.6205298900604248],
    [3.9330878257751465, -1.9490153789520264, -0.6317521333694458],
    [4.1794753074646, -1.8444545269012451, -0.6709336638450623],
    [5.349410533905029, -1.1625661849975586, -0.5074871778488159],
    [5.203604221343994, -0.5770639777183533, -0.5899136662483215],
    [5.406426429748535, -0.647715151309967, -0.6251146197319031],
    [4.901159763336182, -0.7308072447776794, -0.6284458637237549],
    [5.179050445556641, -0.2673412263393402, -0.5995194911956787],
    [5.711860656738281, -0.46403932571411133, -0.53003990650177],
    [8.523149490356445, 3.2134037017822266, -0.61468505859375],
    [7.895096302032471, 4.53450345993042, -0.572580099105835],
    [7.849690914154053, 1.1728529930114746, -0.6078492403030396],
    [5.568963527679443, -1.002595067024231, -0.6598591208457947],
    [5.718050003051758, -0.913714587688446, -0.6718390583992004],
    [3.828640937805176, -1.6368252038955688, -0.6580220460891724],
    [5.230752944946289, -1.1417467594146729, -0.6372041702270508],
    [5.088787078857422, -0.6498585939407349, -0.6388341784477234],
    [5.243888854980469, -0.3961607813835144, -0.6630613207817078],
    [4.947545528411865, -0.08697396516799927, -0.6411730051040649],
    [5.302301406860352, -0.3511244058609009, -0.632007896900177],
    [7.567577362060547, 2.5197641849517822, -0.5490825772285461],
    [5.948392868041992, -0.35776081681251526, -0.5370003581047058],
    [8.191770553588867, 3.7036070823669434, -0.465180903673172],
    [6.0914716720581055, 3.7843122482299805, -0.5498529672622681],
    [8.328400611877441, 2.1045751571655273, -0.5904618501663208],
    [5.649326801300049, -1.0348538160324097, -0.6252716779708862],
    [5.563769340515137, -0.9483249187469482, -0.614080011844635],
    [4.080839157104492, -1.6517781019210815, -0.6402330994606018],
    [3.893657684326172, -1.917567253112793, -0.6132344603538513],
    [4.889592170715332, -1.8040554523468018, -0.7000294923782349],
    [4.79085636138916, -1.0954861640930176, -0.6356750726699829],
    [5.2822160720825195, -0.5575941205024719, -0.6923399567604065],
    [5.1538310050964355, -0.25981542468070984, -0.7148048281669617],
    [5.089974403381348, -0.5736405849456787, -0.7073721289634705],
    [5.440128326416016, -0.11878165602684021, -0.6211910843849182],
    [5.928201198577881, -0.2299078404903412, -0.5889410972595215],
    [6.454204559326172, -0.18170079588890076, -0.574480414390564],
    [5.104058265686035, -1.3012046813964844, -0.5017282962799072],
    [6.37713623046875, -0.5294525027275085, -0.5641191005706787],
    [5.547839164733887, -1.1065040826797485, -0.6496660709381104],
    [5.593034744262695, -1.0349249839782715, -0.6279902458190918],
    [3.8747148513793945, -1.7064987421035767, -0.6526751518249512],
    [3.8683550357818604, -1.5055732727050781, -0.6045405268669128],
    [3.5165514945983887, -1.8563807010650635, -0.6679561734199524],
    [4.461833953857422, -2.0905470848083496, -0.7135816216468811],
    [5.156496047973633, -1.097579002380371, -0.6617221236228943],
    [5.395655155181885, -0.43593329191207886, -0.6798792481422424],
    [5.0399603843688965, -0.15313217043876648, -0.6658462285995483],
    [5.149555206298828, -0.3409562408924103, -0.6744057536125183],
    [8.477320671081543, 4.395030975341797, -0.5202998518943787],
    [6.085218906402588, -0.4146106243133545, -0.5452350974082947],
    [8.908977508544922, 4.7227702140808105, -0.4273928105831146],
    [5.831717014312744, 4.974762916564941, -0.4609661102294922],
    [9.027727127075195, 3.055959701538086, -0.4903032183647156],
    [5.509278297424316, -1.109412670135498, -0.6013143658638],
    [5.403048515319824, -1.0134934186935425, -0.6102027893066406],
    [4.04701566696167, -1.6679587364196777, -0.6198201775550842],
    [4.0532307624816895, -1.826453447341919, -0.7074962854385376],
    [5.45207405090332, -0.7337526679039001, -0.6456731557846069],
    [5.3048224449157715, -0.409261554479599, -0.6342043280601501],
    [5.049257278442383, -0.5201897621154785, -0.6274330615997314],
    [5.405843257904053, -0.2673669755458832, -0.5723684430122375],
    [6.128811836242676, -0.2452506721019745, -0.5598843097686768],
    [9.298971176147461, 4.627167224884033, -0.5077354311943054],
    [7.1730732917785645, 5.572604656219482, -0.6448858976364136],
    [7.332446575164795, 0.31154999136924744, -0.5518551468849182],
    [5.489180088043213, -1.0868158340454102, -0.6413390040397644],
    [5.578743934631348, -1.0325560569763184, -0.6215839385986328],
    [4.012951850891113, -1.5947701930999756, -0.6401596069335938],
    [3.8145365715026855, -1.3814668655395508, -0.5806885361671448],
    [3.480879306793213, -1.3627487421035767, -0.7225068211555481],
    [4.935794353485107, -2.1102445125579834, -0.7341181039810181],
    [5.629056930541992, -0.46874263882637024, -0.7893511056900024],
    [5.047802925109863, -0.22393783926963806, -0.6233775019645691],
    [5.293314456939697, -0.44041574001312256, -0.614006519317627],
    [8.444478988647461, 4.190221786499023, -0.5296601057052612],
    [6.136342525482178, -0.656843364238739, -0.5535387396812439],
    [10.141664505004883, 5.748331546783447, -0.33907389640808105],
    [7.474963188171387, 5.8973236083984375, -0.4315597116947174],
    [10.212568283081055, 3.797761917114258, -0.39553359150886536],
    [5.481696128845215, -1.137833833694458, -0.6408746838569641],
    [5.375603675842285, -1.0262300968170166, -0.6374010443687439],
    [4.363790512084961, -1.6709758043289185, -0.5952763557434082],
    [4.306787490844727, -1.551403522491455, -0.5550810694694519],
    [5.049728870391846, -1.0530619621276855, -0.7768651247024536],
    [5.074961185455322, -0.6135205626487732, -0.6472828388214111],
    [5.306438446044922, -0.2754477262496948, -0.5448573231697083],
    [5.389863967895508, -0.3557777404785156, -0.5524771809577942],
    [5.987830638885498, -0.4821394681930542, -0.498041033744812],
    [6.844865798950195, -0.24360963702201843, -0.5022701025009155],
    [5.830376625061035, -1.4954382181167603, -0.4767364263534546],
    [6.494690895080566, -0.559325098991394, -0.514266312122345],
    [5.404108047485352, -1.1629594564437866, -0.6483661532402039],
    [5.47828483581543, -1.0826998949050903, -0.596419632434845],
    [4.116983413696289, -1.6635875701904297, -0.604988694190979],
    [4.004116058349609, -1.4132921695709229, -0.48886439204216003],
    [3.9012317657470703, -1.0299339294433594, -0.6795210242271423],
    [3.582364082336426, -1.263076901435852, -0.7166722416877747],
    [4.0499725341796875, -2.2391321659088135, -0.6416794657707214],
    [4.611024379730225, -1.5111137628555298, -0.7702980637550354],
    [5.16446590423584, -0.1734466552734375, -0.639248251914978],
    [5.343124866485596, -0.041297659277915955, -0.6531589031219482],
    [7.8120293617248535, 3.5976359844207764, -0.40581586956977844],
    [5.725121021270752, -0.6770533919334412, -0.5142789483070374],
    [9.708847045898438, 5.48445463180542, -0.36222755908966064],
    [7.871703624725342, 6.352546691894531, -0.45462682843208313],
    [9.779918670654297, 3.344794273376465, -0.5140370726585388],
    [5.397971153259277, -1.2049349546432495, -0.6485263109207153],
    [5.327014446258545, -1.0089432001113892, -0.6215385794639587],
    [4.323221683502197, -1.5284528732299805, -0.58837890625],
    [4.377327919006348, -1.4470678567886353, -0.4942307472229004],
    [3.5453155040740967, -1.1266123056411743, -0.5773974061012268],
    [3.365227222442627, -1.261558175086975, -0.5644605755805969],
    [4.315829753875732, -0.7578964829444885, -0.6546614766120911],
    [5.1127424240112305, -0.07606804370880127, -0.5609287023544312],
    [4.9421067237854, -0.10181938111782074, -0.5628005266189575],
    [5.667575359344482, -0.43574202060699463, -0.5420699715614319],
    [8.708412170410156, 4.459589004516602, -0.4804091453552246],
    [5.909645080566406, 4.617141246795654, -0.6179845929145813],
    [5.742193698883057, -1.0027761459350586, -0.5456684827804565],
    [5.421289920806885, -1.2346527576446533, -0.6660065650939941],
    [5.486053466796875, -1.132973313331604, -0.6211326718330383],
    [4.105641841888428, -1.5765981674194336, -0.6140495538711548],
    [4.237640380859375, -1.3146123886108398, -0.5230116844177246],
    [4.3692169189453125, -0.8341456055641174, -0.5813890099525452],
    [4.32533073425293, -0.66109699010849, -0.6418071985244751],
    [3.95869517326355, -0.8869272470474243, -0.7164643406867981],
    [3.9885387420654297, -0.5673894286155701, -0.5700581669807434],
    [3.6164114475250244, -1.2897573709487915, -0.49655812978744507],
    [4.557608604431152, -0.6468964219093323, -0.57611483335495],
    [5.059552192687988, -0.19699963927268982, -0.7010213136672974],
    [7.8446736335754395, 4.3960957527160645, -0.536065399646759],
    [5.323315143585205, -0.5729104280471802, -0.5409927368164062],
    [8.954816818237305, 5.55528450012207, -0.4602169394493103],
    [9.132769584655762, 4.893004894256592, -0.5882294178009033],
    [9.591584205627441, 3.494049549102783, -0.579673707485199],
    [5.440049648284912, -1.2840532064437866, -0.6552475094795227],
    [5.444845676422119, -1.1340513229370117, -0.5888668894767761],
    [4.4997968673706055, -1.7340513467788696, -0.5953935980796814],
    [4.38654088973999, -1.6070805788040161, -0.5985130071640015],
    [4.057937145233154, -1.2553197145462036, -0.6286191344261169],
    [3.741224527359009, -1.061500072479248, -0.7193417549133301],
    [3.8016233444213867, -1.3498764038085938, -0.6010658144950867],
    [3.7665903568267822, -1.6311466693878174, -0.6123403310775757],
    [5.138381481170654, -0.7555809020996094, -0.7207255363464355],
    [5.309187412261963, -0.4838535189628601, -0.6393968462944031],
    [6.1317458152771, -0.774689257144928, -0.6776500344276428],
    [6.047691822052002, -1.7479158639907837, -0.628822922706604],
    [5.3598222732543945, -1.441126823425293, -0.5750714540481567],
    [5.512319087982178, -1.3333128690719604, -0.6775166392326355],
    [5.502214431762695, -1.1550251245498657, -0.5640172362327576],
    [4.429788589477539, -1.5824711322784424, -0.675940215587616],
    [4.230096340179443, -1.8165394067764282, -0.6914628744125366],
    [4.1444854736328125, -1.884947419166565, -0.5943306088447571],
    [4.2074198722839355, -2.1594393253326416, -0.5759545564651489],
    [4.802135944366455, -1.8469009399414062, -0.6322565674781799],
    [5.287977695465088, -0.8744739294052124, -0.702300488948822],
    [5.252264022827148, -1.4661730527877808, -0.752013087272644],
    [5.599613189697266, -0.8099551796913147, -0.6897678971290588],
    [6.170650482177734, -1.2351481914520264, -0.7179659008979797],
    [6.058952331542969, -1.3738828897476196, -0.6783103942871094],
    [6.215251922607422, -1.1850062608718872, -0.7157636284828186],
    [5.514135360717773, -1.3117979764938354, -0.6850491762161255],
    [5.583043098449707, -1.4450643062591553, -0.6661956310272217],
    [4.116306304931641, -1.5735105276107788, -0.5378122925758362],
    [4.2072038650512695, -1.4285062551498413, -0.578278660774231],
    [1.9084978103637695, -2.0443334579467773, -0.4930022060871124],
    [2.1159138679504395, -2.0088753700256348, -0.5052286386489868],
    [4.138332366943359, -1.6990101337432861, -0.561758816242218],
    [1.4565773010253906, -2.1443798542022705, -0.533808708190918],
    [3.422189474105835, -1.3931303024291992, -0.5638785362243652],
    [2.163304567337036, -1.9374933242797852, -0.5425922274589539],
    [3.1864094734191895, -1.623745083808899, -0.5455243587493896],
    [1.6034163236618042, -2.0651941299438477, -0.4711492657661438],
    [3.3402204513549805, -1.843958854675293, -0.48203009366989136],
    [4.00245475769043, -1.2577722072601318, -0.5651323795318604],
    [3.7436254024505615, -1.6265045404434204, -0.5952539443969727],
    [5.185146808624268, -1.0606696605682373, -0.5640542507171631],
    [5.198129177093506, -1.1503690481185913, -0.6233108043670654],
    [4.285458564758301, -1.7755061388015747, -0.5741144418716431],
    [4.306790351867676, -1.566192626953125, -0.5176703333854675],
    [4.237359046936035, -1.4771134853363037, -0.5915648341178894],
    [4.185885429382324, -1.4502131938934326, -0.5839760303497314],
    [4.1473188400268555, -1.5680526494979858, -0.5730358362197876],
    [4.17026424407959, -1.5398478507995605, -0.6068307757377625],
    [4.306519508361816, -1.521820068359375, -0.5361855030059814],
    [4.139761447906494, -1.3713921308517456, -0.5315483212471008],
    [4.141075134277344, -1.4138535261154175, -0.5395382642745972],
    [3.9907190799713135, -1.4080040454864502, -0.595110297203064],
    [3.75704026222229, -1.4849395751953125, -0.570319652557373],
    [3.217534065246582, -1.6679551601409912, -0.5849441289901733],
    [3.171388864517212, -1.732333779335022, -0.5257905721664429],
    [2.5143368244171143, -2.1280250549316406, -0.52253258228302],
    [3.489753246307373, -1.73861563205719, -0.5313869714736938],
    [3.6867551803588867, -1.6946089267730713, -0.5559060573577881],
    [4.181349754333496, -1.8313323259353638, -0.5818467140197754],
    [5.659080982208252, -0.9982827305793762, -0.6123096346855164],
    [5.242868900299072, -1.2102283239364624, -0.6259597539901733],
    [5.223565101623535, -1.2767976522445679, -0.6582207083702087],
    [4.12344217300415, -1.826255202293396, -0.5820679068565369],
    [4.197427272796631, -1.5870393514633179, -0.5289162397384644],
    [4.277613162994385, -1.4167346954345703, -0.563228964805603],
    [4.288522243499756, -1.3896329402923584, -0.5382576584815979],
    [4.12746000289917, -1.5654900074005127, -0.613144040107727],
    [4.155284881591797, -1.3738377094268799, -0.5864192247390747],
    [4.180482387542725, -1.4569048881530762, -0.5523088574409485],
    [4.125758171081543, -1.1337672472000122, -0.5031851530075073],
    [4.184113025665283, -1.3580411672592163, -0.5805114507675171],
    [4.178003311157227, -1.2002865076065063, -0.58555006980896],
    [4.128805637359619, -1.4211983680725098, -0.5715665221214294],
    [3.9913997650146484, -1.1335822343826294, -0.5840076208114624],
    [3.758225202560425, -1.452014446258545, -0.581832766532898],
    [3.601480484008789, -1.2066224813461304, -0.5097662210464478],
    [3.340280771255493, -1.5643945932388306, -0.5429447889328003],
    [4.526269912719727, -1.1585743427276611, -0.5505222678184509],
    [3.362424850463867, -1.6184922456741333, -0.5225023031234741],
    [5.429906368255615, -1.1605372428894043, -0.5986371636390686],
    [5.419332504272461, -1.1513433456420898, -0.5900271534919739],
    [5.462554931640625, -1.1465739011764526, -0.6532989740371704],
    [3.9961225986480713, -1.67464017868042, -0.5388874411582947],
    [4.331563472747803, -1.4761356115341187, -0.590050458908081],
    [4.375645160675049, -1.6772421598434448, -0.5555097460746765],
    [4.110179901123047, -1.707894206047058, -0.590957760810852],
    [4.058810234069824, -1.5475728511810303, -0.6340460181236267],
    [4.132086753845215, -1.4743587970733643, -0.5503259897232056],
    [4.165743350982666, -1.1723231077194214, -0.5408229827880859],
    [4.344096660614014, -0.972623348236084, -0.5588886141777039],
    [4.013338088989258, -0.8928765654563904, -0.5677391886711121],
    [4.236471652984619, -0.9590394496917725, -0.567720353603363],
    [4.5550642013549805, -0.5715720653533936, -0.5948428511619568],
    [3.8041553497314453, -1.2359819412231445, -0.5760687589645386],
    [3.0485646724700928, -1.559114933013916, -0.5240589380264282],
    [3.451488733291626, -1.8103418350219727, -0.5759772658348083],
    [3.0703775882720947, -2.086519241333008, -0.5741019248962402],
    [4.025323390960693, -1.6968896389007568, -0.6250019073486328],
    [6.034219264984131, -1.10802161693573, -0.5661924481391907],
    [5.563736915588379, -1.1592774391174316, -0.6506949067115784],
    [5.481673717498779, -1.1413013935089111, -0.6169232130050659],
    [4.160129070281982, -1.9473832845687866, -0.5397555828094482],
    [4.3093719482421875, -1.7004258632659912, -0.5564062595367432],
    [4.462738513946533, -1.6444652080535889, -0.5788168907165527],
    [4.244519233703613, -1.5308183431625366, -0.5827027559280396],
    [4.031660556793213, -1.5377227067947388, -0.5819010138511658],
    [4.041042327880859, -1.4328280687332153, -0.5542920231819153],
    [4.147434711456299, -1.2310469150543213, -0.5395340323448181],
    [4.3446173667907715, -1.0470296144485474, -0.5551753640174866],
    [4.502625942230225, -0.7646116614341736, -0.5566719770431519],
    [4.2960734367370605, -0.8833681344985962, -0.5922477841377258],
    [4.140036106109619, -0.9397103786468506, -0.6144233345985413],
    [3.894385576248169, -0.7839348316192627, -0.4992746412754059],
    [6.985363483428955, 0.9484843015670776, -0.6192712783813477],
    [3.2547507286071777, -1.3219554424285889, -0.5774292349815369],
    [7.5478692054748535, 0.8745216131210327, -0.5766531825065613],
    [5.448782444000244, -1.1274434328079224, -0.6160850524902344],
    [5.5403265953063965, -1.019412875175476, -0.6255572438240051],
    [4.051818370819092, -1.9478464126586914, -0.5955871939659119],
    [4.077397346496582, -1.8332113027572632, -0.6087871789932251],
    [4.247519493103027, -1.7664673328399658, -0.6334116458892822],
    [4.2350006103515625, -1.8667078018188477, -0.6032412648200989],
    [3.998772382736206, -1.7608001232147217, -0.7067372798919678],
    [3.956779956817627, -1.6224843263626099, -0.5601045489311218],
    [4.168376445770264, -1.6508188247680664, -0.5378825068473816],
    [4.475461006164551, -1.1138508319854736, -0.5464404821395874],
    [4.969841003417969, -0.8913212418556213, -0.593852698802948],
    [4.562416076660156, -0.5245236158370972, -0.5810075998306274],
    [5.116520881652832, -0.6374830007553101, -0.6011717319488525],
    [4.54446268081665, -0.40129926800727844, -0.5646916627883911],
    [4.462489128112793, -0.6362666487693787, -0.5910195112228394],
    [5.071837902069092, -0.10037071257829666, -0.5139890909194946],
    [4.779872894287109, -1.1358733177185059, -0.5578526258468628],
    [6.413496017456055, 0.06529244780540466, -0.5749038457870483],
    [4.367159843444824, -1.8007385730743408, -0.43768274784088135],
    [6.995033264160156, -0.13991281390190125, -0.6166775822639465],
    [5.528757095336914, -1.127025842666626, -0.6440154314041138],
    [5.556017875671387, -1.0458616018295288, -0.6017440557479858],
    [3.932405471801758, -1.9348818063735962, -0.6062978506088257],
    [3.9196572303771973, -1.884107232093811, -0.6440520286560059],
    [3.8949832916259766, -1.9165927171707153, -0.6170303821563721],
    [3.884676218032837, -1.9166991710662842, -0.6357606053352356],
    [3.8285422325134277, -1.6919384002685547, -0.7296918034553528],
    [3.5922703742980957, -1.7332894802093506, -0.687057614326477],
    [4.040896415710449, -1.660211205482483, -0.6160624623298645],
    [4.384009838104248, -1.473038911819458, -0.5459170341491699],
    [4.898829460144043, -0.6881788969039917, -0.5872493386268616],
    [5.053260803222656, -0.6699427366256714, -0.5697422623634338],
    [4.67530632019043, -0.4355819821357727, -0.5314260125160217],
    [5.8941755294799805, -0.23920585215091705, -0.4984486699104309],
    [4.343619346618652, -1.1250619888305664, -0.44322437047958374],
    [6.1110944747924805, -0.5834608674049377, -0.5979212522506714],
    [5.537847518920898, -1.0367203950881958, -0.6364590525627136],
    [3.839778423309326, -1.850562572479248, -0.6234128475189209],
    [3.92496395111084, -1.9479748010635376, -0.6388161778450012],
    [3.6629624366760254, -1.8803151845932007, -0.5573762655258179],
    [3.993067741394043, -2.244553327560425, -0.6185351610183716],
    [3.8077282905578613, -2.173095941543579, -0.7326050996780396],
    [3.84619402885437, -2.1208364963531494, -0.7209736704826355],
    [4.086894512176514, -2.020667791366577, -0.7150596976280212],
    [4.899457931518555, -1.225590705871582, -0.4797431230545044],
    [5.252744674682617, -1.0906540155410767, -0.5459786653518677],
    [4.967160224914551, -0.5879644751548767, -0.5494376420974731],
    [5.364906311035156, -0.6190870404243469, -0.5835568904876709],
    [4.93580436706543, -0.09656736254692078, -0.5381587147712708],
    [5.121065139770508, -0.31450217962265015, -0.6025445461273193],
    [7.2704010009765625, 2.385772705078125, -0.48710525035858154],
    [5.5761332511901855, -0.7668143510818481, -0.5396438837051392],
    [6.6289753913879395, 0.6251397132873535, -0.44689232110977173],
    [5.052237510681152, -0.6304222941398621, -0.5201548337936401],
    [7.168960094451904, 0.20813196897506714, -0.5243644118309021],
    [5.618683815002441, -0.9633515477180481, -0.6723783612251282],
    [5.666487216949463, -0.8864953517913818, -0.6084007620811462],
    [3.9437053203582764, -1.732735514640808, -0.6344237327575684],
    [3.890688419342041, -1.9554893970489502, -0.6237830519676208],
    [3.569678783416748, -2.26466965675354, -0.5512789487838745],
    [3.6819043159484863, -2.5223398208618164, -0.5683690905570984],
    [3.7282190322875977, -2.095240831375122, -0.7385655045509338],
    [3.459374189376831, -2.1675686836242676, -0.7314321398735046],
    [4.100065231323242, -1.8928537368774414, -0.7504823207855225],
    [4.199785232543945, -1.5858250856399536, -0.6171779036521912],
    [5.161436080932617, -0.4839048981666565, -0.5429273247718811],
    [5.229345321655273, -0.21873247623443604, -0.5983864068984985],
    [5.188823223114014, -0.2700088620185852, -0.5341988205909729],
    [7.946006774902344, 1.9382495880126953, -0.5599443912506104],
    [5.89775276184082, -0.2284328192472458, -0.5248514413833618],
    [7.486446380615234, 0.8616169095039368, -0.5993343591690063],
    [5.556275367736816, -0.9401872158050537, -0.6340224742889404],
    [5.692751884460449, -0.841640055179596, -0.666413426399231],
    [3.810788154602051, -1.636216163635254, -0.6513838171958923],
    [3.8851075172424316, -1.9068652391433716, -0.627291738986969],
    [3.488527536392212, -1.946331262588501, -0.5855974555015564],
    [3.6160945892333984, -2.4892830848693848, -0.5928758382797241],
    [3.5360472202301025, -2.6952242851257324, -0.6850548982620239],
    [3.645260810852051, -2.489976644515991, -0.7947494983673096],
    [3.785395860671997, -2.2546935081481934, -0.7389870882034302],
    [4.9872822761535645, -1.5704256296157837, -0.6785024404525757],
    [5.259559154510498, -1.2440391778945923, -0.6033072471618652],
    [5.15165901184082, -0.7005200386047363, -0.5768587589263916],
    [5.354077339172363, -0.46482059359550476, -0.6264971494674683],
    [5.013108730316162, -0.09618906676769257, -0.5660946369171143],
    [5.438549995422363, -0.2798592150211334, -0.6054893136024475],
    [7.39056396484375, 2.1257147789001465, -0.4805451035499573],
    [6.02264928817749, -0.38130247592926025, -0.5283306837081909],
    [8.10001277923584, 2.4624931812286377, -0.4876728057861328],
    [6.50899600982666, 0.6614928245544434, -0.5157237648963928],
    [8.121308326721191, 1.6150732040405273, -0.6102336645126343],
    [5.63309907913208, -0.9523525834083557, -0.6260628700256348],
    [5.565054416656494, -0.8958993554115295, -0.6162736415863037],
    [4.0169901847839355, -1.6347975730895996, -0.6400724053382874],
    [3.872554302215576, -1.903613567352295, -0.606905460357666],
    [3.538268804550171, -1.9848248958587646, -0.6272767186164856],
    [3.325688600540161, -2.449974298477173, -0.6398231387138367],
    [2.9927661418914795, -2.5627963542938232, -0.7396032810211182],
    [3.230398178100586, -2.5371310710906982, -0.7551308274269104],
    [3.678312063217163, -2.0182576179504395, -0.7826089859008789],
    [3.623694658279419, -2.0113675594329834, -0.688717246055603],
    [4.9608473777771, -1.592396855354309, -0.6877865791320801],
    [4.739070892333984, -0.8028327226638794, -0.5816786289215088],
    [5.127754211425781, -0.10967081785202026, -0.6532248258590698],
    [5.447259426116943, -0.12082812190055847, -0.5751726627349854],
    [6.333045959472656, -0.2734050750732422, -0.5235614776611328],
    [4.847843170166016, -1.201448917388916, -0.5037703514099121],
    [6.3663649559021, -0.58687424659729, -0.5500008463859558],
    [5.544947624206543, -1.0752123594284058, -0.6055750250816345],
    [3.8498876094818115, -1.7219582796096802, -0.6505465507507324],
    [3.7876288890838623, -1.700598955154419, -0.6092939972877502],
    [3.4671497344970703, -1.5667040348052979, -0.6807785034179688],
    [3.3050758838653564, -2.1461029052734375, -0.6746792793273926],
    [3.0781588554382324, -2.553605794906616, -0.76390141248703],
    [3.00960373878479, -2.5849220752716064, -0.8070712089538574],
    [3.5385570526123047, -2.2699410915374756, -0.8101667165756226],
    [4.285386085510254, -1.9375399351119995, -0.7056176662445068],
    [4.571264266967773, -2.0475404262542725, -0.7132357954978943],
    [5.341726779937744, -1.1393648386001587, -0.6044206619262695],
    [5.502598285675049, -0.33065277338027954, -0.6342925429344177],
    [5.159679412841797, -0.2039148211479187, -0.5970095992088318],
    [5.343762397766113, -0.40492814779281616, -0.6340774893760681],
    [8.350198745727539, 3.871483325958252, -0.48580053448677063],
    [6.238557815551758, -0.4630497097969055, -0.5347439646720886],
    [8.950483322143555, 3.7811763286590576, -0.4195738434791565],
    [6.741664409637451, 1.1057722568511963, -0.4749285876750946],
    [8.780137062072754, 2.069516181945801, -0.483440101146698],
    [5.512856483459473, -1.0027364492416382, -0.5980895161628723],
    [5.40623664855957, -0.9535285830497742, -0.609882116317749],
    [4.046099662780762, -1.6145954132080078, -0.6436433792114258],
    [4.063596725463867, -1.6676875352859497, -0.6170746088027954],
    [3.6447176933288574, -1.756350040435791, -0.7543169260025024],
    [3.4324302673339844, -2.1427698135375977, -0.6809408068656921],
    [3.1379201412200928, -2.221792697906494, -0.7798019051551819],
    [3.042203187942505, -2.20635724067688, -0.7695285081863403],
    [3.601572275161743, -2.2105929851531982, -0.840908944606781],
    [3.4941012859344482, -2.239752769470215, -0.6914407014846802],
    [4.307394981384277, -2.4548022747039795, -0.7045800685882568],
    [4.247045993804932, -1.576781988143921, -0.674741804599762],
    [5.227424144744873, -0.20375530421733856, -0.5873088836669922],
    [5.394362449645996, -0.24934232234954834, -0.5170384645462036],
    [6.534563064575195, -0.143405020236969, -0.588010311126709],
    [7.294313907623291, 0.1418028324842453, -0.5454457402229309],
    [5.518420696258545, -1.1082569360733032, -0.5990351438522339],
    [4.026731014251709, -1.6553579568862915, -0.6455305814743042],
    [3.7320175170898438, -1.600550651550293, -0.5743177533149719],
    [3.7593727111816406, -1.2505295276641846, -0.6604161858558655],
    [3.4815118312835693, -1.890515685081482, -0.7046303153038025],
    [3.0994181632995605, -1.9921354055404663, -0.7515791058540344],
    [3.2610628604888916, -1.908410906791687, -0.7169268131256104],
    [3.7972869873046875, -2.1203970909118652, -0.8004149198532104],
    [4.193017482757568, -2.317351818084717, -0.6823620796203613],
    [5.156596660614014, -1.6344610452651978, -0.7190731167793274],
    [5.634409427642822, -0.29812783002853394, -0.7483022212982178],
    [5.322720527648926, -0.3256663382053375, -0.5426968932151794],
    [5.361238479614258, -0.23235870897769928, -0.5656126737594604],
    [8.179527282714844, 3.298741340637207, -0.5028584003448486],
    [6.285646438598633, -0.6645819544792175, -0.533610999584198],
    [10.21169662475586, 4.8130059242248535, -0.3259724974632263],
    [7.785334587097168, 1.516641616821289, -0.47317391633987427],
    [10.154404640197754, 3.400825023651123, -0.41820526123046875],
    [5.471789836883545, -1.0422881841659546, -0.6365597248077393],
    [5.367210388183594, -0.9958403706550598, -0.6339074969291687],
    [4.329349040985107, -1.7089128494262695, -0.5952321887016296],
    [4.316664218902588, -1.529022216796875, -0.55487060546875],
    [4.018816947937012, -1.3605583906173706, -0.6374373435974121],
    [3.6701862812042236, -1.544240951538086, -0.6806747317314148],
    [3.186040163040161, -1.7979236841201782, -0.7317297458648682],
    [3.1979358196258545, -1.6361950635910034, -0.6887510418891907],
    [3.510891914367676, -1.6477594375610352, -0.7341083884239197],
    [3.570347547531128, -1.8638432025909424, -0.6315709948539734],
    [3.8607099056243896, -2.106370687484741, -0.7318118214607239],
    [3.7533040046691895, -1.8563390970230103, -0.6878951191902161],
    [5.375421047210693, -1.0529338121414185, -0.7643961310386658],
    [5.024809837341309, -0.2789844274520874, -0.600041925907135],
    [5.357047080993652, -0.23075108230113983, -0.5105059146881104],
    [6.766972064971924, -0.18187201023101807, -0.4643806517124176],
    [6.436872482299805, -0.5838977694511414, -0.5059775710105896],
    [5.420546531677246, -1.13033127784729, -0.6174256801605225],
    [4.1187849044799805, -1.5968941450119019, -0.5867152810096741],
    [3.9651601314544678, -1.5904494524002075, -0.5046302676200867],
    [4.080562114715576, -0.9532856941223145, -0.6175731420516968],
    [3.6399617195129395, -1.5413533449172974, -0.6688159704208374],
    [3.118269681930542, -1.478758692741394, -0.7233216166496277],
    [3.3581693172454834, -1.632737398147583, -0.7278202772140503],
    [3.8005118370056152, -1.7234771251678467, -0.6859647035598755],
    [2.529343843460083, -2.089158535003662, -0.6387779116630554],
    [3.809528350830078, -2.235015869140625, -0.6697428226470947],
    [3.2361791133880615, -2.0602879524230957, -0.6855946183204651],
    [4.7711896896362305, -1.3742923736572266, -0.7467596530914307],
    [5.438366889953613, -0.31300148367881775, -0.5786044597625732],
    [5.447004318237305, 0.08911748975515366, -0.6152027249336243],
    [7.7767863273620605, 3.1031668186187744, -0.39999711513519287],
    [5.833904266357422, -0.672474205493927, -0.4868699610233307],
    [9.85183048248291, 4.921761989593506, -0.36936280131340027],
    [8.861126899719238, 1.4937121868133545, -0.514665961265564],
    [9.736832618713379, 2.3567726612091064, -0.48935186862945557],
    [5.3596296310424805, -1.103277564048767, -0.6512195467948914],
    [5.30189847946167, -1.0339372158050537, -0.629339873790741],
    [4.281001567840576, -1.5311108827590942, -0.5803830623626709],
    [4.404356956481934, -1.3793646097183228, -0.48881226778030396],
    [4.353447437286377, -1.1944433450698853, -0.6046997308731079],
    [4.0502729415893555, -1.075515627861023, -0.6142398118972778],
    [3.3078627586364746, -1.4985473155975342, -0.6506523489952087],
    [3.374908447265625, -0.8532017469406128, -0.6338376998901367],
    [3.4871318340301514, -1.1805132627487183, -0.6312975883483887],
    [3.249523401260376, -1.2456583976745605, -0.6166044473648071],
    [3.0324268341064453, -1.9312143325805664, -0.6128324270248413],
    [3.0921592712402344, -1.9282687902450562, -0.5643298625946045],
    [3.7751550674438477, -1.568705677986145, -0.7124635577201843],
    [3.9166293144226074, -1.1483057737350464, -0.6583384275436401],
    [4.871241569519043, 0.03971344232559204, -0.5140654444694519],
    [5.795166492462158, -0.9057050943374634, -0.5269615054130554],
    [5.71766471862793, -0.9116517305374146, -0.5353420376777649],
    [5.439183712005615, -1.1885792016983032, -0.6458388566970825],
    [4.090025901794434, -1.5579147338867188, -0.6143233180046082],
    [4.255916595458984, -1.3640656471252441, -0.5179162621498108],
    [4.322470664978027, -0.8380780816078186, -0.6029763221740723],
    [4.226720809936523, -1.0324561595916748, -0.6387879848480225],
    [3.315432548522949, -1.1845132112503052, -0.6813479065895081],
    [3.963073968887329, -1.0171260833740234, -0.6996801495552063],
    [3.5410261154174805, -1.1072986125946045, -0.6175301671028137],
    [3.7028133869171143, -0.9830836057662964, -0.5996355414390564],
    [3.450587749481201, -1.5620057582855225, -0.5446993708610535],
    [3.588449001312256, -1.671646237373352, -0.5819652080535889],
    [4.60670280456543, -0.9387032985687256, -0.5676619410514832],
    [5.025177955627441, 0.025728661566972733, -0.647278368473053],
    [7.658931255340576, 3.3626785278320312, -0.46116524934768677],
    [5.332414627075195, -0.5102476477622986, -0.5093541145324707],
    [8.994405746459961, 4.738528728485107, -0.45662370324134827],
    [8.930876731872559, -0.6524416208267212, -0.5485388040542603],
    [9.493305206298828, 3.081082582473755, -0.5894652605056763],
    [5.401451587677002, -1.1764960289001465, -0.6509401202201843],
    [5.413440227508545, -1.1194511651992798, -0.5892548561096191],
    [4.425581455230713, -1.7092511653900146, -0.582328736782074],
    [4.415318965911865, -1.503475308418274, -0.5815003514289856],
    [4.2772698402404785, -1.3751121759414673, -0.5891509056091309],
    [4.067402362823486, -1.1828237771987915, -0.6128302216529846],
    [3.3844728469848633, -1.4992562532424927, -0.7037155628204346],
    [3.8675150871276855, -0.9334832429885864, -0.6905341148376465],
    [3.382777690887451, -1.3526625633239746, -0.6229169368743896],
    [3.765711545944214, -1.1766753196716309, -0.6095700860023499],
    [3.093027114868164, -2.0561330318450928, -0.6613180637359619],
    [3.805184841156006, -1.3805873394012451, -0.6335408091545105],
    [3.359077215194702, -1.8647511005401611, -0.6238452196121216],
    [4.249367713928223, -1.174252986907959, -0.5719404816627502],
    [4.6901702880859375, -0.3951684832572937, -0.6724838018417358],
    [5.042511940002441, -0.4454587399959564, -0.6805962324142456],
    [6.0782880783081055, -0.6539827585220337, -0.6392261981964111],
    [5.924798011779785, -1.5366572141647339, -0.6120952367782593],
    [5.233280658721924, -1.3759647607803345, -0.5750752687454224],
    [5.48445987701416, -1.317920446395874, -0.6668260097503662],
    [5.436906337738037, -1.1581319570541382, -0.5680794715881348],
    [4.56355619430542, -1.912982702255249, -0.6389857530593872],
    [4.484201908111572, -1.6143254041671753, -0.6328084468841553],
    [4.491168022155762, -1.532196283340454, -0.6620585322380066],
    [4.337757110595703, -1.621747374534607, -0.6965066194534302],
    [4.073624610900879, -1.7428969144821167, -0.7052465677261353],
    [4.1497979164123535, -1.8063300848007202, -0.7163137197494507],
    [4.177377700805664, -1.9004055261611938, -0.6351810097694397],
    [4.072406768798828, -1.779462456703186, -0.6379828453063965],
    [4.096042156219482, -2.151590347290039, -0.6053631901741028],
    [3.987701654434204, -2.1519689559936523, -0.622033953666687],
    [4.222146511077881, -1.9089767932891846, -0.6086549758911133],
    [4.719834327697754, -1.753039002418518, -0.6683419346809387],
    [5.196715354919434, -0.7096531391143799, -0.7059449553489685],
    [5.2294511795043945, -1.1856659650802612, -0.7509910464286804],
    [5.582141399383545, -0.6199095249176025, -0.6702008843421936],
    [6.102192401885986, -1.2221835851669312, -0.6896488070487976],
    [5.961911201477051, -1.4239838123321533, -0.6587710380554199],
    [6.125189304351807, -1.2173480987548828, -0.7040968537330627],
    [5.457931995391846, -1.3206881284713745, -0.6732625365257263],
    [5.516400337219238, -1.4081497192382812, -0.6574832797050476]
]
