[
    [4.151346206665039, -1.8027238845825195, -0.6198931932449341],
    [5.169661521911621, -1.3958512544631958, -0.620218813419342],
    [5.122297763824463, -1.3448102474212646, -0.630357563495636],
    [5.184116363525391, -1.3148815631866455, -0.6123424768447876],
    [4.135210037231445, -1.8340357542037964, -0.5708299279212952],
    [4.1065802574157715, -1.6258763074874878, -0.5722191333770752],
    [4.100264549255371, -1.7032618522644043, -0.500360369682312],
    [4.3166069984436035, -1.594705581665039, -0.5620291233062744],
    [4.286256313323975, -1.6195802688598633, -0.5731295347213745],
    [4.434194087982178, -1.702444314956665, -0.6279263496398926],
    [4.3865156173706055, -2.328493356704712, -0.5844734311103821],
    [4.261698246002197, -2.048313856124878, -0.5984745621681213],
    [6.117678165435791, -1.2328418493270874, -0.609718918800354],
    [5.229811191558838, -1.5189104080200195, -0.6090580224990845],
    [5.069312572479248, -1.4702355861663818, -0.5878630876541138],
    [4.5133538246154785, -1.6276957988739014, -0.6519119143486023],
    [6.2044291496276855, -1.0951509475708008, -0.686671257019043],
    [6.693462371826172, -0.9540753364562988, -0.6629350781440735],
    [6.956769943237305, -0.8567297458648682, -0.6740127205848694],
    [5.157223224639893, -1.471669316291809, -0.6092105507850647],
    [5.285614013671875, -1.366199254989624, -0.6100993156433105],
    [4.067080497741699, -1.9381103515625, -0.5888072848320007],
    [4.018560886383057, -1.8648611307144165, -0.5231205821037292],
    [4.074132919311523, -1.7002850770950317, -0.5951933860778809],
    [6.276863098144531, -0.8123517632484436, -0.6497476696968079],
    [6.340235710144043, -0.49992287158966064, -0.6555966734886169],
    [6.31179141998291, -0.7966361045837402, -0.6594361066818237],
    [5.290164470672607, 3.751734495162964, -0.6587640643119812],
    [2.9139082431793213, 2.421816110610962, -0.568049967288971],
    [8.57234001159668, -0.3385191857814789, -0.7291944622993469],
    [5.259644985198975, -1.5975770950317383, -0.5909606218338013],
    [5.155017852783203, -1.448365569114685, -0.5823421478271484],
    [4.0780792236328125, -1.8107680082321167, -0.554149866104126],
    [6.70627498626709, -0.688589334487915, -0.648531436920166],
    [9.606389999389648, 0.5333200097084045, -0.6928480863571167],
    [6.706068992614746, 3.815335512161255, -0.6447251439094543],
    [9.52773380279541, 0.5011970400810242, -0.7460517287254333],
    [5.141181468963623, -1.5674688816070557, -0.5842235088348389],
    [5.215494632720947, -1.4997416734695435, -0.5963146090507507],
    [3.9597041606903076, -2.0016345977783203, -0.5856829285621643],
    [4.096933841705322, -2.099262237548828, -0.5355141758918762],
    [4.258617401123047, -1.8106307983398438, -0.512122392654419],
    [4.174070835113525, -1.6969501972198486, -0.5974566340446472],
    [4.488522052764893, -1.601043462753296, -0.6076453924179077],
    [6.859886646270752, -0.5579038858413696, -0.5948432087898254],
    [6.962721824645996, -0.47998878359794617, -0.5795649886131287],
    [7.807460308074951, 5.486597537994385, -0.6671966910362244],
    [6.137592315673828, 3.599385976791382, -0.6227759718894958],
    [11.337803840637207, 1.6654040813446045, -0.7566489577293396],
    [5.181433200836182, -1.655133605003357, -0.6088233590126038],
    [5.201519012451172, -1.679329514503479, -0.6142514944076538],
    [4.623716354370117, -1.4610562324523926, -0.5284830331802368],
    [6.583951950073242, -0.9949899911880493, -0.6082311272621155],
    [8.449847221374512, -0.08016063272953033, -0.6958134174346924],
    [6.77380895614624, -1.3415660858154297, -0.6134657263755798],
    [7.839062690734863, -0.37233996391296387, -0.634381890296936],
    [5.213853359222412, -1.6191813945770264, -0.5896502733230591],
    [5.296154022216797, -1.4494231939315796, -0.6246795654296875],
    [4.500739097595215, -2.0899817943573, -0.487347275018692],
    [4.267384052276611, -1.6718382835388184, -0.5114111304283142],
    [4.493686676025391, -1.5949231386184692, -0.5236327648162842],
    [9.090930938720703, 1.2117217779159546, -0.5490704774856567],
    [6.779877662658691, -0.4696313142776489, -0.5954004526138306],
    [11.463983535766602, 3.3449273109436035, -0.6297098994255066],
    [8.088632583618164, 5.175457954406738, -0.6343091726303101],
    [12.105716705322266, 2.5447893142700195, -0.5488777160644531],
    [5.283673286437988, -1.582118272781372, -0.6439120769500732],
    [5.381323337554932, -1.5715397596359253, -0.6105939149856567],
    [6.936324596405029, -0.8470447063446045, -0.5782676935195923],
    [11.87325668334961, 2.7152771949768066, -0.7405824065208435],
    [9.539003372192383, 6.660731315612793, -0.7015000581741333],
    [9.459604263305664, 0.7145998477935791, -0.5492209792137146],
    [5.455097198486328, -1.597204566001892, -0.6317956447601318],
    [5.542984962463379, -1.4491816759109497, -0.6184582114219666],
    [3.957724094390869, -2.0962471961975098, -0.5675246715545654],
    [4.189346790313721, -1.6270818710327148, -0.436487078666687],
    [4.796463966369629, -1.766361951828003, -0.5399712324142456],
    [9.73806095123291, 1.4946879148483276, -0.5801182985305786],
    [6.8970232009887695, -0.32789483666419983, -0.584683895111084],
    [12.520881652832031, 5.187063217163086, -0.6951239705085754],
    [9.532171249389648, 7.322451114654541, -0.5926175713539124],
    [13.374428749084473, 3.8421456813812256, -0.6235108375549316],
    [5.5008368492126465, -1.4918416738510132, -0.6223956346511841],
    [5.707952976226807, -1.4329338073730469, -0.5708377361297607],
    [6.7728047370910645, -0.8329837918281555, -0.641069233417511],
    [9.245828628540039, 0.3277924656867981, -0.6887462735176086],
    [7.128944396972656, -1.3491034507751465, -0.5506904125213623],
    [7.794487476348877, -0.4328564405441284, -0.6107607483863831],
    [5.604787349700928, -1.4197471141815186, -0.6134628057479858],
    [3.6256344318389893, -1.7828847169876099, -0.6698450446128845],
    [4.003945350646973, -1.8463276624679565, -0.5052540302276611],
    [10.071943283081055, 2.059276819229126, -0.6041638851165771],
    [6.657034397125244, -0.6645075678825378, -0.6465017199516296],
    [13.522191047668457, 6.599832534790039, -0.6032878756523132],
    [9.659523010253906, 7.943934917449951, -0.5444128513336182],
    [13.65554428100586, 4.756398677825928, -0.6211800575256348],
    [5.568799018859863, -1.4428763389587402, -0.6074618101119995],
    [6.004952907562256, -1.279292106628418, -0.6067604422569275],
    [3.645704746246338, -1.6544843912124634, -0.6109967231750488],
    [3.6576058864593506, -1.4348222017288208, -0.5153842568397522],
    [5.731710910797119, -1.3109211921691895, -0.6267396211624146],
    [12.848640441894531, 5.753116130828857, -0.6880055665969849],
    [8.385275840759277, 5.750869274139404, -0.6594758033752441],
    [8.1641845703125, -0.016500890254974365, -0.6111695766448975],
    [5.66935920715332, -1.3876136541366577, -0.6459261178970337],
    [3.8614726066589355, -1.6870323419570923, -0.6543585062026978],
    [3.8483123779296875, -1.5190231800079346, -0.6219032406806946],
    [3.8814215660095215, -1.4068360328674316, -0.5320644974708557],
    [3.621260404586792, -1.1487319469451904, -0.5913109183311462],
    [3.4269046783447266, -1.3456006050109863, -0.6425000429153442],
    [3.475118398666382, -1.7442632913589478, -0.6541985869407654],
    [3.7269809246063232, -1.626471757888794, -0.6703815460205078],
    [4.150629997253418, -1.4182991981506348, -0.601834774017334],
    [6.160086154937744, 4.351924419403076, -0.670760452747345],
    [13.683578491210938, 7.501327991485596, -0.6054670214653015],
    [13.602117538452148, 8.439212799072266, -0.6153695583343506],
    [13.69006633758545, 5.1317138671875, -0.5871849060058594],
    [5.633092880249023, -1.465766191482544, -0.6108008623123169],
    [6.31867790222168, -1.2435169219970703, -0.6306266784667969],
    [3.8388330936431885, -1.4018495082855225, -0.6074602603912354],
    [3.445399045944214, -0.8865301609039307, -0.5628581047058105],
    [2.9591333866119385, -0.7620478868484497, -0.6864330768585205],
    [3.913530111312866, -1.0740963220596313, -0.5907002687454224],
    [7.2587995529174805, 0.8390616178512573, -0.6452063322067261],
    [7.6521077156066895, -0.9341374635696411, -0.5544824004173279],
    [7.209832191467285, -0.8238567113876343, -0.6231182217597961],
    [5.521603107452393, -1.480719804763794, -0.6258140802383423],
    [5.753244400024414, -1.4316295385360718, -0.6266399025917053],
    [4.086421489715576, -1.5516993999481201, -0.6294307708740234],
    [3.879234552383423, -1.2667760848999023, -0.5851537585258484],
    [4.0377888679504395, -1.0368291139602661, -0.6185959577560425],
    [3.6742990016937256, -0.6144081950187683, -0.5757520794868469],
    [3.7933290004730225, -0.37750762701034546, -0.6323176622390747],
    [3.401838779449463, -0.7492905259132385, -0.6539215445518494],
    [3.703819751739502, -0.7612830996513367, -0.7099653482437134],
    [3.506901264190674, -1.1652865409851074, -0.6813164353370667],
    [4.110174179077148, -1.1903061866760254, -0.5687799453735352],
    [4.641918182373047, 3.5275957584381104, -0.5360586047172546],
    [13.878377914428711, 6.1474714279174805, -0.6751999855041504],
    [14.017051696777344, 8.55002498626709, -0.5519735217094421],
    [12.439586639404297, 2.8684449195861816, -0.6211506724357605],
    [5.608677387237549, -1.5475596189498901, -0.6158169507980347],
    [5.811083793640137, -1.4972635507583618, -0.6231738924980164],
    [4.191707611083984, -1.3898321390151978, -0.5930100083351135],
    [4.129575729370117, -1.131700038909912, -0.5257290601730347],
    [3.9399709701538086, -0.28674131631851196, -0.5153198838233948],
    [3.763075351715088, 0.3060639798641205, -0.6047250628471375],
    [3.7922873497009277, 0.13717366755008698, -0.6553460955619812],
    [3.774744749069214, 0.26735639572143555, -0.684124231338501],
    [3.653111219406128, -0.35018041729927063, -0.6952140927314758],
    [8.612542152404785, 7.199515342712402, -0.6993914842605591],
    [7.829025745391846, 5.271726608276367, -0.6884163022041321],
    [5.822798252105713, -1.6232922077178955, -0.6113654971122742],
    [5.43192720413208, -1.50302255153656, -0.5780178308486938],
    [4.195112705230713, -1.3959898948669434, -0.6045058965682983],
    [4.281743049621582, -1.0296140909194946, -0.5382462739944458],
    [4.272380828857422, -0.7233861088752747, -0.5981932878494263],
    [4.027618408203125, -0.4882497191429138, -0.5771151781082153],
    [3.8171892166137695, -0.4511018991470337, -0.5629891157150269],
    [3.8766255378723145, -0.5352602005004883, -0.5468038320541382],
    [3.7808451652526855, -0.3545648455619812, -0.6134210824966431],
    [4.036832332611084, -0.3730602562427521, -0.7084155082702637],
    [3.343824625015259, 2.515995502471924, -0.6041815876960754],
    [5.3824663162231445, 4.344687461853027, -0.5146167874336243],
    [4.170447826385498, -1.6967241764068604, -0.6301641464233398],
    [12.629203796386719, 5.042920112609863, -0.69272780418396],
    [12.730209350585938, 6.75799036026001, -0.6431663632392883],
    [11.294658660888672, 1.5246431827545166, -0.6499770283699036],
    [5.5168070793151855, -1.5146944522857666, -0.598010778427124],
    [5.618341445922852, -1.6295212507247925, -0.5801085829734802],
    [4.420495986938477, -1.4947720766067505, -0.60309237241745],
    [4.382765293121338, -1.3090788125991821, -0.6094188094139099],
    [4.194375514984131, -0.6947430372238159, -0.6233950257301331],
    [3.7856106758117676, -0.797713041305542, -0.6098378896713257],
    [3.8658525943756104, -1.061801791191101, -0.6366065144538879],
    [4.066915988922119, -1.279484510421753, -0.6690100431442261],
    [3.994798183441162, -1.414596676826477, -0.5630019307136536],
    [1.553281545639038, 1.5364186763763428, -0.607239842414856],
    [3.8848352432250977, -1.6684482097625732, -0.5966959595680237],
    [6.519056797027588, -1.752690315246582, -0.6258652210235596],
    [5.641555309295654, -1.698110818862915, -0.6390781998634338],
    [5.3963541984558105, -1.4822707176208496, -0.5633960962295532],
    [4.6152753829956055, -1.5076141357421875, -0.6274531483650208],
    [4.455238342285156, -1.5276662111282349, -0.7022486329078674],
    [4.388657569885254, -1.8654998540878296, -0.7154576182365417],
    [4.292084217071533, -2.2090072631835938, -0.6869257688522339],
    [4.096914291381836, -2.252047538757324, -0.6703324317932129],
    [3.9691576957702637, -1.8850724697113037, -0.6482797861099243],
    [6.315952301025391, -1.5500985383987427, -0.6638091206550598],
    [6.490566730499268, -1.0734754800796509, -0.5869137048721313],
    [6.499570369720459, -1.1270149946212769, -0.6961452960968018],
    [5.490300178527832, -1.3550904989242554, -0.6604223251342773],
    [5.675270080566406, -1.3841303586959839, -0.6624993681907654],
    [3.8688862323760986, -1.6615427732467651, -0.5415311455726624],
    [4.032416820526123, -1.777144193649292, -0.5659884810447693],
    [1.8854618072509766, -2.081669330596924, -0.5024468302726746],
    [4.053050994873047, -1.6239080429077148, -0.5445961952209473],
    [1.400146484375, -2.069288969039917, -0.42613404989242554],
    [1.91103196144104, -2.0859785079956055, -0.47520911693573],
    [1.3231565952301025, -2.168102741241455, -0.5012758374214172],
    [3.7368669509887695, -1.8224092721939087, -0.5763563513755798],
    [4.188321590423584, -1.7089669704437256, -0.595293402671814],
    [3.930973529815674, -1.7965368032455444, -0.5923669338226318],
    [5.184426307678223, -1.2916736602783203, -0.6217551231384277],
    [5.136242866516113, -1.2522778511047363, -0.6001953482627869],
    [4.119184970855713, -1.7943427562713623, -0.5637588500976562],
    [4.113193988800049, -1.782610297203064, -0.5250415802001953],
    [3.98193359375, -1.7301818132400513, -0.5562963485717773],
    [4.070051670074463, -1.7594774961471558, -0.5693318247795105],
    [4.193304061889648, -1.6280949115753174, -0.5692989826202393],
    [4.06745719909668, -1.5573176145553589, -0.5641883611679077],
    [4.136768817901611, -1.584676742553711, -0.5114749670028687],
    [4.068483352661133, -1.6311712265014648, -0.4812474548816681],
    [4.222025394439697, -1.629772424697876, -0.49908265471458435],
    [4.275960922241211, -1.561963438987732, -0.539035439491272],
    [4.162739276885986, -1.57645583152771, -0.5435009002685547],
    [4.255681991577148, -1.6055771112442017, -0.5562061667442322],
    [3.7360777854919434, -1.8511401414871216, -0.5532692074775696],
    [4.400150299072266, -1.7587244510650635, -0.6214020252227783],
    [4.158135414123535, -1.6879048347473145, -0.6183793544769287],
    [4.321711540222168, -2.1967787742614746, -0.582049548625946],
    [4.269573211669922, -2.0535874366760254, -0.5686447024345398],
    [5.760836124420166, -1.1777982711791992, -0.5916160345077515],
    [5.178829193115234, -1.411478877067566, -0.6100206971168518],
    [5.0456461906433105, -1.4649838209152222, -0.5815154910087585],
    [4.012649059295654, -1.723060131072998, -0.5942277908325195],
    [3.9653992652893066, -1.6490395069122314, -0.5355430245399475],
    [3.977755308151245, -1.7758631706237793, -0.5586240887641907],
    [3.992361545562744, -1.6158270835876465, -0.5491304397583008],
    [4.066398620605469, -1.7625874280929565, -0.5854142308235168],
    [4.0261616706848145, -1.6633412837982178, -0.5439995527267456],
    [4.054068088531494, -1.8712553977966309, -0.5202986001968384],
    [3.970266819000244, -1.694230079650879, -0.5234323740005493],
    [4.184161186218262, -1.8565915822982788, -0.5633782744407654],
    [4.119470119476318, -1.6540275812149048, -0.5559571981430054],
    [4.250435829162598, -1.610288381576538, -0.5794069766998291],
    [4.231543064117432, -1.6747139692306519, -0.5592763423919678],
    [4.360925674438477, -1.5840131044387817, -0.5575887560844421],
    [4.409195423126221, -1.7034308910369873, -0.637860894203186],
    [6.45781135559082, -1.0141713619232178, -0.6337188482284546],
    [6.898839473724365, -0.8548256754875183, -0.6630035638809204],
    [5.185891628265381, -1.445693016052246, -0.5780953168869019],
    [5.259509086608887, -1.2949533462524414, -0.592860758304596],
    [3.9647464752197266, -1.8951890468597412, -0.5778717994689941],
    [3.926955461502075, -1.745384693145752, -0.5518338084220886],
    [3.945754051208496, -1.8020565509796143, -0.5694976449012756],
    [4.080251693725586, -1.9759795665740967, -0.5844496488571167],
    [4.092079162597656, -1.877724289894104, -0.5735026597976685],
    [3.9633398056030273, -1.8954095840454102, -0.586909294128418],
    [4.121544361114502, -1.8903825283050537, -0.48260411620140076],
    [3.981034755706787, -1.8363337516784668, -0.51633620262146],
    [4.136389255523682, -1.7557352781295776, -0.5624848008155823],
    [4.023892402648926, -1.6708896160125732, -0.5737036466598511],
    [4.196425914764404, -1.557640552520752, -0.5592320561408997],
    [6.284122943878174, -0.8242499828338623, -0.6178226470947266],
    [4.449904918670654, -1.5675435066223145, -0.5500566959381104],
    [6.445667743682861, -0.7682271003723145, -0.6334226727485657],
    [6.313858509063721, -0.8639124035835266, -0.6651201844215393],
    [8.130414009094238, -0.7413188219070435, -0.6959931254386902],
    [4.348208904266357, -2.319868803024292, -0.5401980876922607],
    [8.06663703918457, -0.7060879468917847, -0.7044588923454285],
    [5.229682922363281, -1.4997137784957886, -0.5881589651107788],
    [5.105039596557617, -1.5129963159561157, -0.5922002196311951],
    [3.8920199871063232, -1.9583044052124023, -0.5529845952987671],
    [3.9851818084716797, -1.80034339427948, -0.5448612570762634],
    [4.054383754730225, -1.8774919509887695, -0.5541234612464905],
    [3.9966890811920166, -1.8153742551803589, -0.570258378982544],
    [4.019965171813965, -2.0127389430999756, -0.5552481412887573],
    [4.0761590003967285, -1.8820075988769531, -0.527857780456543],
    [4.119304180145264, -1.9729912281036377, -0.5187676548957825],
    [4.300275802612305, -1.8013310432434082, -0.530303418636322],
    [4.1913347244262695, -1.7319122552871704, -0.5671917796134949],
    [4.218205451965332, -1.6139299869537354, -0.5551127791404724],
    [4.311911106109619, -1.6480789184570312, -0.6117557883262634],
    [4.257859230041504, -1.4647482633590698, -0.5343779921531677],
    [4.31928825378418, -1.6045948266983032, -0.5875767469406128],
    [4.437286376953125, -1.4160791635513306, -0.539263904094696],
    [9.208191871643066, 0.21601741015911102, -0.6571770310401917],
    [9.148224830627441, 0.36611562967300415, -0.7523535490036011],
    [5.126715183258057, -1.6133596897125244, -0.5644568204879761],
    [5.216726779937744, -1.4255496263504028, -0.5886989831924438],
    [3.8423781394958496, -1.9414957761764526, -0.5890357494354248],
    [3.8844597339630127, -1.8801724910736084, -0.5946111679077148],
    [4.0206990242004395, -1.9543945789337158, -0.6038376688957214],
    [4.185597896575928, -2.0372838973999023, -0.580174446105957],
    [4.000555515289307, -2.125670909881592, -0.5861538648605347],
    [4.012718677520752, -2.0138838291168213, -0.5061210989952087],
    [4.195423603057861, -2.0718231201171875, -0.472933828830719],
    [4.152123928070068, -1.824060320854187, -0.47672128677368164],
    [4.370090484619141, -1.7780343294143677, -0.557095468044281],
    [4.1138739585876465, -1.700851559638977, -0.547593891620636],
    [4.426444053649902, -1.5682570934295654, -0.5560101866722107],
    [4.415466785430908, -1.5807700157165527, -0.5461627840995789],
    [4.451291084289551, -1.4930938482284546, -0.5727408528327942],
    [6.839717864990234, -0.641446053981781, -0.5498976707458496],
    [6.918233394622803, -0.5801733136177063, -0.5729349255561829],
    [10.518640518188477, 1.0816731452941895, -0.6267110109329224],
    [7.647355079650879, -0.9448462724685669, -0.6241577863693237],
    [10.773598670959473, 1.1151354312896729, -0.7823440432548523],
    [5.18720817565918, -1.5985585451126099, -0.6030354499816895],
    [5.1724677085876465, -1.6668243408203125, -0.6249971389770508],
    [3.610243797302246, -1.9637411832809448, -0.6211441159248352],
    [3.769814968109131, -1.9415404796600342, -0.6307379007339478],
    [3.8578755855560303, -2.1289782524108887, -0.703933596611023],
    [3.8389270305633545, -2.091770887374878, -0.6585047841072083],
    [4.084149360656738, -2.1885225772857666, -0.708145022392273],
    [3.963927984237671, -2.2439045906066895, -0.6606850624084473],
    [4.1827006340026855, -2.179748058319092, -0.5368504524230957],
    [4.310872554779053, -2.142683744430542, -0.5372979044914246],
    [4.4735107421875, -1.7255001068115234, -0.5014971494674683],
    [4.465005874633789, -1.775085210800171, -0.4963432252407074],
    [4.432241916656494, -1.5890649557113647, -0.514799177646637],
    [4.34412956237793, -1.4107449054718018, -0.4936312437057495],
    [4.340348243713379, -1.471316933631897, -0.5263129472732544],
    [4.5826239585876465, -1.4356402158737183, -0.5097812414169312],
    [8.26462173461914, -0.20242896676063538, -0.6565571427345276],
    [7.6314849853515625, -0.4742952585220337, -0.6138665080070496],
    [5.201797962188721, -1.59719979763031, -0.5667428374290466],
    [3.6179606914520264, -1.929685354232788, -0.6455634832382202],
    [3.737804889678955, -1.9150294065475464, -0.6273597478866577],
    [3.8147528171539307, -2.0067992210388184, -0.6329299807548523],
    [4.159698486328125, -2.3085520267486572, -0.5498803853988647],
    [3.849395275115967, -2.6144158840179443, -0.6868488788604736],
    [4.312081336975098, -2.3831982612609863, -0.7097034454345703],
    [4.036539554595947, -2.4907615184783936, -0.588096559047699],
    [4.446598529815674, -1.9137803316116333, -0.46252214908599854],
    [4.365967273712158, -1.7576160430908203, -0.5024532675743103],
    [4.245262622833252, -1.6062021255493164, -0.4760485887527466],
    [4.312198162078857, -1.4991393089294434, -0.5226470232009888],
    [4.4740190505981445, -1.484544038772583, -0.4726202189922333],
    [4.339939117431641, -1.3328758478164673, -0.49700504541397095],
    [8.958855628967285, 1.196128249168396, -0.5149440765380859],
    [6.764803886413574, -0.529106616973877, -0.5771303176879883],
    [11.1787748336792, 2.511216163635254, -0.6046746969223022],
    [8.874110221862793, 0.10266843438148499, -0.6689441204071045],
    [11.47339916229248, 1.7941045761108398, -0.531106173992157],
    [5.2670769691467285, -1.5415139198303223, -0.6398220658302307],
    [5.344925403594971, -1.5527842044830322, -0.6150845289230347],
    [3.5606093406677246, -1.9091730117797852, -0.6522088646888733],
    [3.6284613609313965, -1.9308608770370483, -0.5967330932617188],
    [3.699746608734131, -1.9887055158615112, -0.5890560150146484],
    [3.7120416164398193, -2.2207393646240234, -0.6259831190109253],
    [3.819418430328369, -2.314864158630371, -0.705291748046875],
    [3.896372079849243, -2.4470207691192627, -0.6492398381233215],
    [3.9756433963775635, -2.367281913757324, -0.593620777130127],
    [4.0765299797058105, -2.071173906326294, -0.5441853404045105],
    [4.17915678024292, -1.85400390625, -0.4772399067878723],
    [4.137292861938477, -1.8042916059494019, -0.47658205032348633],
    [4.270581245422363, -1.5715442895889282, -0.5613291263580322],
    [4.260227680206299, -1.5597842931747437, -0.4845684766769409],
    [4.5035223960876465, -1.5110353231430054, -0.5529640913009644],
    [4.609776973724365, -1.4834882020950317, -0.5137240290641785],
    [11.029294967651367, 1.9023984670639038, -0.7321610450744629],
    [7.8468523025512695, -0.7516124844551086, -0.6331706643104553],
    [9.121219635009766, 0.43472880125045776, -0.5652850270271301],
    [5.410698413848877, -1.6072757244110107, -0.6157548427581787],
    [5.454568386077881, -1.3955378532409668, -0.6070223450660706],
    [3.5757408142089844, -1.787549376487732, -0.6500419974327087],
    [3.749235153198242, -1.7995789051055908, -0.6353951692581177],
    [3.652921438217163, -2.0324180126190186, -0.5686736702919006],
    [3.7618818283081055, -2.327556848526001, -0.6172488927841187],
    [3.827848434448242, -2.701282501220703, -0.6756267547607422],
    [4.100276470184326, -2.6519532203674316, -0.6941306591033936],
    [3.8467509746551514, -2.721508741378784, -0.6832326650619507],
    [3.9606282711029053, -2.098287343978882, -0.5543280243873596],
    [4.204318046569824, -1.8093116283416748, -0.5304471254348755],
    [4.06697416305542, -1.608064889907837, -0.4740743637084961],
    [4.051647663116455, -1.6299954652786255, -0.4417446255683899],
    [4.653052806854248, -1.4837021827697754, -0.5145396590232849],
    [4.3873491287231445, -1.4436136484146118, -0.5396597385406494],
    [9.400020599365234, 1.2474257946014404, -0.5847369432449341],
    [6.750149726867676, -0.3918384611606598, -0.5672531127929688],
    [12.454448699951172, 4.026376247406006, -0.7126723527908325],
    [10.826313018798828, 1.449751853942871, -0.621451735496521],
    [12.990213394165039, 3.2422211170196533, -0.6368334293365479],
    [5.443243980407715, -1.4328874349594116, -0.6313504576683044],
    [5.686058044433594, -1.3508338928222656, -0.5766716003417969],
    [3.636551856994629, -1.7693443298339844, -0.6512274742126465],
    [3.5028743743896484, -1.803837776184082, -0.606184184551239],
    [3.6178205013275146, -1.8814250230789185, -0.6131850481033325],
    [3.007096767425537, -2.2963578701019287, -0.6075713634490967],
    [3.2463483810424805, -2.6279046535491943, -0.7224692106246948],
    [3.019282579421997, -2.593568801879883, -0.7545812726020813],
    [3.1090307235717773, -2.57344651222229, -0.7683204412460327],
    [3.288207530975342, -2.046156406402588, -0.6645048260688782],
    [3.877784252166748, -1.8910317420959473, -0.5736417770385742],
    [3.824094772338867, -1.614678144454956, -0.541968822479248],
    [4.283291339874268, -1.5272409915924072, -0.4778892397880554],
    [4.0075788497924805, -1.5208876132965088, -0.5369181036949158],
    [4.195252895355225, -1.6866378784179688, -0.5700713396072388],
    [4.369134902954102, -1.7255200147628784, -0.6015229821205139],
    [6.651336669921875, -0.6924196481704712, -0.6449950337409973],
    [7.530974388122559, -0.6003168225288391, -0.6211305260658264],
    [5.469176292419434, -1.6325173377990723, -0.6164749264717102],
    [5.576021194458008, -1.322670578956604, -0.606835663318634],
    [3.589702606201172, -1.7246702909469604, -0.6613192558288574],
    [3.554413318634033, -1.7210897207260132, -0.5944005250930786],
    [3.574186325073242, -1.7084434032440186, -0.5617464780807495],
    [3.1678154468536377, -1.928246259689331, -0.6256757974624634],
    [3.4541759490966797, -2.1656787395477295, -0.6744919419288635],
    [3.404639720916748, -2.279048204421997, -0.7725061178207397],
    [3.2068703174591064, -2.3399147987365723, -0.8175248503684998],
    [3.539658784866333, -2.1352014541625977, -0.739202082157135],
    [3.7784812450408936, -1.8561527729034424, -0.6506820321083069],
    [3.790660858154297, -1.6672865152359009, -0.5463047027587891],
    [4.056741714477539, -1.5286568403244019, -0.5081232786178589],
    [3.8933229446411133, -2.0446832180023193, -0.5775209665298462],
    [4.145669937133789, -1.6819638013839722, -0.5787632465362549],
    [9.973176956176758, 1.944763422012329, -0.6217473745346069],
    [6.565290927886963, -0.5520452857017517, -0.6449309587478638],
    [13.375153541564941, 5.538845539093018, -0.6233127117156982],
    [11.404890060424805, 2.263361930847168, -0.6471608281135559],
    [13.200445175170898, 3.7113876342773438, -0.6179009675979614],
    [5.521912097930908, -1.332598090171814, -0.5988200306892395],
    [5.995851993560791, -1.1860424280166626, -0.6016552448272705],
    [3.771988868713379, -1.6632285118103027, -0.6717008948326111],
    [3.59663987159729, -1.6263158321380615, -0.5924868583679199],
    [3.686915874481201, -1.5461223125457764, -0.5249378085136414],
    [3.088249683380127, -1.60347580909729, -0.520774781703949],
    [3.1799166202545166, -1.7028007507324219, -0.633277177810669],
    [2.958183526992798, -1.839665174484253, -0.634562611579895],
    [3.0182526111602783, -2.2309200763702393, -0.6879364252090454],
    [3.3562798500061035, -1.763436198234558, -0.6563641428947449],
    [3.9051480293273926, -1.8375927209854126, -0.6599744558334351],
    [3.73069429397583, -1.5299052000045776, -0.6620209813117981],
    [4.176228046417236, -1.4903801679611206, -0.6392529010772705],
    [3.8947036266326904, -1.4738445281982422, -0.5800712704658508],
    [4.146872520446777, -1.6786067485809326, -0.6246123313903809],
    [3.9550206661224365, -1.8337597846984863, -0.6161571741104126],
    [5.674619674682617, -1.3267698287963867, -0.6460176706314087],
    [7.960651397705078, -0.26969268918037415, -0.6114466786384583],
    [5.438908576965332, -1.5845823287963867, -0.5803182125091553],
    [5.611952304840088, -1.2815001010894775, -0.6300670504570007],
    [3.8221993446350098, -1.6362051963806152, -0.6448725461959839],
    [3.796450138092041, -1.4944454431533813, -0.6081270575523376],
    [3.6142873764038086, -1.3091435432434082, -0.5466306805610657],
    [3.3414127826690674, -1.2956194877624512, -0.6008926033973694],
    [3.3294506072998047, -1.4457051753997803, -0.6452043056488037],
    [3.2163734436035156, -1.463335394859314, -0.6547559499740601],
    [3.3147144317626953, -1.9242759943008423, -0.6494995951652527],
    [3.360079288482666, -1.7961311340332031, -0.6733150482177734],
    [3.6802053451538086, -1.5616960525512695, -0.6245182752609253],
    [3.9742279052734375, -1.628330945968628, -0.6598086357116699],
    [3.975308656692505, -1.4692444801330566, -0.6002883315086365],
    [4.120282173156738, -1.5744774341583252, -0.6639391779899597],
    [5.451943397521973, -1.4170544147491455, -0.5883387327194214],
    [13.506961822509766, 6.236680507659912, -0.6226941347122192],
    [12.352888107299805, 3.536425828933716, -0.6215305328369141],
    [13.410836219787598, 4.497696399688721, -0.6253889799118042],
    [5.580984592437744, -1.3738586902618408, -0.6129887104034424],
    [6.248262405395508, -1.2007418870925903, -0.6294705271720886],
    [4.050583362579346, -1.6929253339767456, -0.6357753872871399],
    [3.8057804107666016, -1.394581913948059, -0.595379114151001],
    [3.6082370281219482, -1.2236109972000122, -0.5552113056182861],
    [3.1868247985839844, -1.0416103601455688, -0.5804368853569031],
    [3.2030255794525146, -0.8849077820777893, -0.6976731419563293],
    [2.8966407775878906, -0.9829148650169373, -0.6909979581832886],
    [3.0182957649230957, -1.558782935142517, -0.6935007572174072],
    [3.220172643661499, -1.0910536050796509, -0.6432379484176636],
    [3.380387306213379, -1.21414315700531, -0.6556110978126526],
    [3.5288197994232178, -1.1692391633987427, -0.6362884044647217],
    [3.9012081623077393, -1.1250104904174805, -0.5843890905380249],
    [3.6764533519744873, -1.2513628005981445, -0.5302526950836182],
    [3.81990647315979, -1.279471755027771, -0.6463525891304016],
    [3.4646573066711426, -1.8041503429412842, -0.5377750396728516],
    [4.576331615447998, -2.125314474105835, -0.5941422581672668],
    [7.026793003082275, -0.9408628344535828, -0.6117064356803894],
    [5.5387091636657715, -1.506223440170288, -0.5883763432502747],
    [5.724152565002441, -1.345883846282959, -0.6201308369636536],
    [4.095703601837158, -1.5173088312149048, -0.6128180623054504],
    [3.863499402999878, -1.2949546575546265, -0.5778259634971619],
    [3.902071714401245, -0.9236388802528381, -0.6060114502906799],
    [3.4298315048217773, -0.6648679971694946, -0.5660659074783325],
    [3.4961740970611572, -0.4947163462638855, -0.6257176995277405],
    [3.2364301681518555, -0.8691949844360352, -0.6702238321304321],
    [3.533997058868408, -0.9129648804664612, -0.7473260760307312],
    [3.3117504119873047, -1.333265781402588, -0.7248185873031616],
    [3.604424476623535, -1.6268500089645386, -0.6966632008552551],
    [3.8045525550842285, -1.5885014533996582, -0.6672696471214294],
    [3.680516242980957, -1.2878586053848267, -0.6501959562301636],
    [3.9698047637939453, -1.2868597507476807, -0.6064077615737915],
    [4.180063724517822, -2.003237009048462, -0.5610584020614624],
    [13.350258827209473, 5.571727275848389, -0.6912486553192139],
    [12.838458061218262, 3.6221354007720947, -0.5911098718643188],
    [12.042935371398926, 2.475848913192749, -0.6182154417037964],
    [5.5627031326293945, -1.4271193742752075, -0.6146793365478516],
    [5.7686543464660645, -1.4607867002487183, -0.6284645795822144],
    [4.143223285675049, -1.4179022312164307, -0.5872006416320801],
    [4.1246161460876465, -1.1054253578186035, -0.5127779245376587],
    [4.189056873321533, -0.8488186597824097, -0.6103969812393188],
    [3.8822615146636963, -0.238484188914299, -0.5203809142112732],
    [3.586730718612671, 0.15442635118961334, -0.5965985059738159],
    [3.5517232418060303, 0.11295558512210846, -0.5941598415374756],
    [3.393627643585205, -0.13372740149497986, -0.6997252106666565],
    [3.433773994445801, -0.41390037536621094, -0.7392935752868652],
    [3.47564959526062, -1.056644320487976, -0.6506209969520569],
    [3.493492603302002, -0.9836016893386841, -0.6466782689094543],
    [3.493866443634033, -0.8899328112602234, -0.6687827110290527],
    [3.575082540512085, -1.0352091789245605, -0.5544376969337463],
    [3.3059470653533936, -1.3832237720489502, -0.6040239930152893],
    [3.575519561767578, -1.8676362037658691, -0.5185068845748901],
    [4.147337436676025, -1.9941809177398682, -0.5638453960418701],
    [9.284646034240723, -0.41545677185058594, -0.7125074863433838],
    [7.547949314117432, -1.087349772453308, -0.680492639541626],
    [5.676280975341797, -1.5604690313339233, -0.6093035936355591],
    [5.310105800628662, -1.5652581453323364, -0.5964245200157166],
    [5.383850574493408, -1.4433550834655762, -0.571853518486023],
    [4.1556501388549805, -1.3641557693481445, -0.6011866331100464],
    [4.2756876945495605, -1.0130103826522827, -0.5328183174133301],
    [4.187162399291992, -0.7018393278121948, -0.605387270450592],
    [4.009437561035156, -0.49054551124572754, -0.5764560103416443],
    [3.704071521759033, -0.4072989523410797, -0.5545434355735779],
    [3.8008618354797363, -0.4710613787174225, -0.5281239748001099],
    [3.5040392875671387, -0.4705509543418884, -0.5917776226997375],
    [3.825862407684326, -0.8653778433799744, -0.7247807383537292],
    [3.7058658599853516, -1.3821409940719604, -0.7022960782051086],
    [3.538883686065674, -1.1953591108322144, -0.609897255897522],
    [3.5809884071350098, -1.3793613910675049, -0.6161555647850037],
    [4.241872787475586, -1.966253399848938, -0.6251561641693115],
    [11.928325653076172, 4.128939151763916, -0.6964383125305176],
    [11.288122177124023, 2.1895394325256348, -0.6292022466659546],
    [10.876077651977539, 1.163283109664917, -0.6585426330566406],
    [5.472257137298584, -1.3838917016983032, -0.5971651077270508],
    [5.579458713531494, -1.591854214668274, -0.5879305005073547],
    [4.3516740798950195, -1.4779764413833618, -0.5910352468490601],
    [4.361565113067627, -1.2396243810653687, -0.594784677028656],
    [4.174148082733154, -1.177692174911499, -0.6101524829864502],
    [4.171217441558838, -0.5495564937591553, -0.6058461666107178],
    [3.611574172973633, -0.8892470002174377, -0.6710286140441895],
    [3.8367462158203125, -0.6223079562187195, -0.5810668468475342],
    [3.3604462146759033, -0.8276292681694031, -0.6364569664001465],
    [3.8926854133605957, -0.8742684721946716, -0.6231740117073059],
    [3.249201774597168, -1.6207512617111206, -0.6587609648704529],
    [4.083895683288574, -1.0746859312057495, -0.6505264639854431],
    [2.8948864936828613, -1.8086562156677246, -0.5692774057388306],
    [4.170895099639893, -1.168541669845581, -0.5463110208511353],
    [2.2000198364257812, -2.2843177318573, -0.6318666934967041],
    [3.917388439178467, -1.8655188083648682, -0.6015875339508057],
    [2.7638354301452637, -2.358423948287964, -0.581246554851532],
    [6.418750286102295, -1.643754243850708, -0.65343177318573],
    [5.473407745361328, -1.7202712297439575, -0.6475982666015625],
    [5.369324684143066, -1.5778186321258545, -0.6385794281959534],
    [5.3265790939331055, -1.4853408336639404, -0.5721985101699829],
    [4.691304683685303, -1.7836837768554688, -0.6400510668754578],
    [4.606868743896484, -1.5226143598556519, -0.6302102208137512],
    [4.628768444061279, -1.4382727146148682, -0.6886034607887268],
    [4.351318359375, -1.5013843774795532, -0.7049453258514404],
    [4.31708288192749, -1.582255244255066, -0.7534810900688171],
    [4.302265167236328, -1.7956483364105225, -0.7175214886665344],
    [4.3843231201171875, -1.7948402166366577, -0.6908924579620361],
    [4.223737716674805, -2.066336154937744, -0.6886651515960693],
    [4.481367111206055, -2.3675503730773926, -0.6402100324630737],
    [4.1682844161987305, -2.32340145111084, -0.6653748154640198],
    [4.28725004196167, -2.175534248352051, -0.6415484547615051],
    [4.011285781860352, -1.9637229442596436, -0.6492968201637268],
    [4.196582794189453, -1.7807893753051758, -0.5997536778450012],
    [4.187889099121094, -2.003518581390381, -0.6191850304603577],
    [6.216057777404785, -1.591331958770752, -0.6748016476631165],
    [6.245335578918457, -1.1051218509674072, -0.5959011316299438],
    [5.434211730957031, -1.30464506149292, -0.6379495859146118],
    [5.608118057250977, -1.3146517276763916, -0.657929003238678]
]
