[
    [5.135610580444336, -2.096839427947998, -0.6365947127342224],
    [4.769391059875488, -2.1142802238464355, -0.5964943766593933],
    [6.7587761878967285, -1.5931895971298218, -0.654397189617157],
    [5.105783939361572, -1.6757346391677856, -0.6008352637290955],
    [4.0667595863342285, -2.3040976524353027, -0.5643807649612427],
    [4.012392044067383, -2.304304599761963, -0.6008672714233398],
    [4.027561664581299, -2.2556607723236084, -0.6206607818603516],
    [6.214207172393799, -1.693726658821106, -0.6774424910545349],
    [6.4598469734191895, 2.728236675262451, -0.6921777725219727],
    [9.209331512451172, -1.3799700736999512, -0.6814822554588318],
    [5.0824456214904785, -1.984615683555603, -0.5748594999313354],
    [5.092958450317383, -1.9814095497131348, -0.5389499664306641],
    [7.713227272033691, -1.2828216552734375, -0.6655159592628479],
    [8.360795974731445, -1.0097132921218872, -0.658784031867981],
    [5.106388568878174, -1.7853586673736572, -0.5383771657943726],
    [4.285951614379883, -2.350040912628174, -0.5147000551223755],
    [4.185192108154297, -2.404010772705078, -0.5349931716918945],
    [4.011726379394531, -2.5084424018859863, -0.5661208033561707],
    [6.127852916717529, -1.9426547288894653, -0.6276534199714661],
    [5.984388828277588, -1.727661371231079, -0.6676637530326843],
    [7.055804252624512, 3.2137949466705322, -0.6766746640205383],
    [5.850668430328369, 3.050837993621826, -0.5666342377662659],
    [10.608137130737305, -0.7102485299110413, -0.5612613558769226],
    [4.9726409912109375, -1.784427285194397, -0.5652779340744019],
    [6.222826957702637, -1.767317295074463, -0.5792415142059326],
    [10.062638282775879, -0.4760618209838867, -0.6529983282089233],
    [7.838118553161621, 3.664320230484009, -0.6156913638114929],
    [8.863750457763672, -0.7183577418327332, -0.5097306370735168],
    [5.040096282958984, -1.7311968803405762, -0.5577415823936462],
    [4.041696548461914, -2.071509599685669, -0.6242008805274963],
    [4.202681541442871, -2.37090802192688, -0.5034773349761963],
    [4.370012283325195, -2.513193130493164, -0.5900024175643921],
    [4.357827186584473, -2.238893985748291, -0.6786633729934692],
    [6.412996292114258, -1.60153329372406, -0.6526508927345276],
    [8.877304077148438, 3.9459829330444336, -0.6459562182426453],
    [9.458456039428711, 4.495382308959961, -0.6584102511405945],
    [13.218057632446289, 0.5366218090057373, -0.5673703551292419],
    [4.909137725830078, -1.72248375415802, -0.5931060314178467],
    [6.760568618774414, -1.3421281576156616, -0.636770486831665],
    [8.815267562866211, -0.8319241404533386, -0.6614677309989929],
    [8.220542907714844, -1.2487987279891968, -0.662187933921814],
    [6.878068447113037, -1.1536614894866943, -0.6345966458320618],
    [5.154185771942139, -1.6116087436676025, -0.6151195168495178],
    [4.508401870727539, -2.7168519496917725, -0.5848029255867004],
    [4.596467018127441, -2.3340554237365723, -0.581659197807312],
    [4.782227039337158, -2.1595914363861084, -0.5909672975540161],
    [10.039671897888184, -0.3537963032722473, -0.6320551633834839],
    [15.42923355102539, 1.8749210834503174, -0.7223508358001709],
    [12.020890235900879, 5.473971366882324, -0.6828089952468872],
    [14.587722778320312, 1.27144193649292, -0.7106293439865112],
    [5.193484783172607, -1.6393440961837769, -0.6557532548904419],
    [7.055490493774414, -1.3461118936538696, -0.6877150535583496],
    [12.261384963989258, 5.6030731201171875, -0.7227073907852173],
    [11.669278144836426, 5.759645462036133, -0.7430750131607056],
    [8.81491470336914, -0.8215123414993286, -0.5926245450973511],
    [5.117393493652344, -1.6058497428894043, -0.6447515487670898],
    [5.153959274291992, -1.5799949169158936, -0.5745705962181091],
    [4.54312801361084, -2.47113299369812, -0.5842582583427429],
    [4.729147911071777, -2.0390477180480957, -0.4741934835910797],
    [9.147370338439941, -0.0412939190864563, -0.4969087243080139],
    [17.450275421142578, 3.4152441024780273, -0.8137574791908264],
    [14.80811882019043, 6.843926429748535, -0.7085018157958984],
    [16.016462326049805, 2.148012161254883, -0.740140974521637],
    [5.150811672210693, -1.6248334646224976, -0.5992609858512878],
    [7.275805473327637, -1.2195782661437988, -0.6307084560394287],
    [8.89769172668457, -0.5335538983345032, -0.5993027687072754],
    [8.424020767211914, -0.8307570815086365, -0.5854377746582031],
    [7.104771137237549, -1.1410527229309082, -0.6437032222747803],
    [5.107938289642334, -1.524497628211975, -0.5707690119743347],
    [4.143530368804932, -2.203845500946045, -0.668383002281189],
    [4.313385009765625, -2.061675548553467, -0.5910634994506836],
    [7.6989593505859375, 4.634682655334473, -0.6133708357810974],
    [18.122535705566406, 3.795621156692505, -0.6750202775001526],
    [16.485933303833008, 7.559896469116211, -0.6740168333053589],
    [15.879311561584473, 1.8495240211486816, -0.7134829163551331],
    [5.134340763092041, -1.5924882888793945, -0.5992955565452576],
    [6.44336462020874, -1.297401785850525, -0.628058910369873],
    [11.95329475402832, 6.03201961517334, -0.6527212858200073],
    [9.932414054870605, 4.968620777130127, -0.6830580234527588],
    [6.112509727478027, -1.105197787284851, -0.6132429838180542],
    [5.1740899085998535, -1.6138014793395996, -0.6326104402542114],
    [5.20229959487915, -1.388954520225525, -0.6400027275085449],
    [4.01793909072876, -2.1190431118011475, -0.5544477105140686],
    [4.4388861656188965, -1.963382601737976, -0.5493737459182739],
    [4.243980407714844, -2.0370404720306396, -0.5875388383865356],
    [3.888977527618408, -1.9730119705200195, -0.6110860705375671],
    [4.022493839263916, -1.8317104578018188, -0.5723974108695984],
    [16.226961135864258, 2.559234619140625, -0.6787596344947815],
    [15.179944038391113, 6.690698146820068, -0.6389205455780029],
    [14.514358520507812, 1.0397107601165771, -0.6263592839241028],
    [5.158692836761475, -1.5443145036697388, -0.5833074450492859],
    [5.145481109619141, -1.5681254863739014, -0.6580292582511902],
    [3.79644775390625, -1.6790310144424438, -0.6320111751556396],
    [7.958065986633301, -1.149898648262024, -0.5537140965461731],
    [7.678618431091309, -0.977074146270752, -0.5345891118049622],
    [5.06302547454834, -1.5678322315216064, -0.6184357404708862],
    [5.126298427581787, -1.6348724365234375, -0.625380277633667],
    [5.189069747924805, -1.3989577293395996, -0.6372196674346924],
    [4.470211029052734, -1.8520960807800293, -0.5227580666542053],
    [4.097771167755127, -1.6333556175231934, -0.5344639420509338],
    [4.230045795440674, -1.4858945608139038, -0.6315616965293884],
    [4.305633068084717, -1.2764736413955688, -0.640752911567688],
    [4.158987045288086, -1.4055964946746826, -0.6767162680625916],
    [14.580384254455566, 1.14406418800354, -0.6418525576591492],
    [13.891283988952637, 5.829649925231934, -0.6330873966217041],
    [12.85081672668457, 0.21233317255973816, -0.6782734394073486],
    [5.212824821472168, -1.6025892496109009, -0.7549893260002136],
    [5.163438320159912, -1.5215716361999512, -0.6592629551887512],
    [4.174147129058838, -0.9682818651199341, -0.5059782862663269],
    [4.647308349609375, -0.9400263428688049, -0.5802506804466248],
    [4.344754219055176, -0.7512239217758179, -0.5585893392562866],
    [4.43094539642334, -0.659973680973053, -0.5915550589561462],
    [9.874305725097656, 4.91218376159668, -0.6625921726226807],
    [8.455134391784668, 4.324838161468506, -0.5705415606498718],
    [4.966444969177246, -1.7288774251937866, -0.5711814761161804],
    [5.305819988250732, -1.7047497034072876, -0.6950298547744751],
    [5.224450588226318, -1.5503464937210083, -0.633817732334137],
    [4.0092949867248535, -1.5979456901550293, -0.5380814075469971],
    [4.207988739013672, -1.4997684955596924, -0.6001713871955872],
    [4.334947109222412, -1.1612651348114014, -0.6322309970855713],
    [4.35365629196167, -1.039919137954712, -0.6179521083831787],
    [4.2363409996032715, -1.0518877506256104, -0.5802245736122131],
    [3.4274303913116455, 2.6136317253112793, -0.5558255910873413],
    [4.370635509490967, -1.5582398176193237, -0.5579624772071838],
    [12.696473121643066, 0.6203873157501221, -0.7197313904762268],
    [12.009462356567383, 5.128178596496582, -0.7450436949729919],
    [11.772420883178711, -0.20277325809001923, -0.7587499618530273],
    [5.2996907234191895, -1.6766228675842285, -0.6890448331832886],
    [5.308382034301758, -1.5928890705108643, -0.609969437122345],
    [4.201562404632568, -1.712363600730896, -0.5933027863502502],
    [6.208769798278809, -1.9234360456466675, -0.6551846265792847],
    [5.155975818634033, -1.9667792320251465, -0.6197301149368286],
    [5.310080528259277, -1.6075503826141357, -0.6097590327262878],
    [4.450525760650635, -1.8719912767410278, -0.7239595055580139],
    [4.460119247436523, -1.871500849723816, -0.6915025115013123],
    [4.285140037536621, -1.9458969831466675, -0.7232945561408997],
    [6.56500244140625, -1.9444246292114258, -0.7160342335700989],
    [6.452949523925781, -1.7329591512680054, -0.6557356715202332],
    [6.41785192489624, -1.6058244705200195, -0.6347262859344482],
    [5.353784561157227, -1.619265079498291, -0.6651321649551392],
    [5.404696464538574, -1.6982440948486328, -0.6284974813461304],
    [4.067237854003906, -1.7762477397918701, -0.549119770526886],
    [4.093254089355469, -1.818669319152832, -0.5781871676445007],
    [3.08439040184021, -2.2646400928497314, -0.5814796686172485],
    [4.087337493896484, -2.1100006103515625, -0.5811941623687744],
    [1.8507155179977417, -2.5323715209960938, -0.5510432124137878],
    [3.8397114276885986, -2.1096949577331543, -0.5702059864997864],
    [1.4042468070983887, -2.433034896850586, -0.5088595151901245],
    [5.116009712219238, -1.998671293258667, -0.6031180024147034],
    [4.865386486053467, -2.020103693008423, -0.5702361464500427],
    [6.629313945770264, -1.5445303916931152, -0.6391773223876953],
    [5.224807262420654, -1.660240888595581, -0.604426383972168],
    [4.152652740478516, -2.101957082748413, -0.554863691329956],
    [4.032832145690918, -2.15838360786438, -0.5593903064727783],
    [4.022472858428955, -1.914024829864502, -0.5706903338432312],
    [4.028975486755371, -2.141091823577881, -0.6101159453392029],
    [4.253521919250488, -2.145292282104492, -0.5871498584747314],
    [4.038133144378662, -2.1631228923797607, -0.6248217821121216],
    [4.09208345413208, -2.20159912109375, -0.5443562269210815],
    [4.036744117736816, -2.238539934158325, -0.559249758720398],
    [3.979994535446167, -2.2527856826782227, -0.5404491424560547],
    [3.996105194091797, -2.19744873046875, -0.573321521282196],
    [3.8619306087493896, -2.180614709854126, -0.5497232675552368],
    [3.9437718391418457, -2.1433331966400146, -0.5917149186134338],
    [3.9247727394104004, -2.2298548221588135, -0.584097146987915],
    [6.140956878662109, -1.6999493837356567, -0.668716549873352],
    [5.355311870574951, -1.597532868385315, -0.5882765650749207],
    [8.611281394958496, -1.4668786525726318, -0.7344005107879639],
    [4.239316940307617, -2.254490852355957, -0.5599463582038879],
    [8.740009307861328, -1.4822391271591187, -0.6877336502075195],
    [5.0483808517456055, -1.8837729692459106, -0.5625761151313782],
    [5.062039375305176, -1.961160659790039, -0.55080646276474],
    [3.8445346355438232, -2.0886735916137695, -0.5910529494285583],
    [3.89861798286438, -1.9178975820541382, -0.5443573594093323],
    [3.9909310340881348, -2.096193313598633, -0.5707789659500122],
    [4.050871849060059, -1.988793134689331, -0.5147894620895386],
    [4.247633934020996, -2.257251262664795, -0.5876380205154419],
    [4.196604251861572, -2.0885584354400635, -0.5375110507011414],
    [4.341943740844727, -2.385127544403076, -0.5466471314430237],
    [4.245779514312744, -2.2340195178985596, -0.534642219543457],
    [4.239359378814697, -2.586463689804077, -0.5781122446060181],
    [4.146016597747803, -2.341691255569458, -0.5666219592094421],
    [4.198128700256348, -2.431905746459961, -0.5859330892562866],
    [4.199470520019531, -2.228806972503662, -0.5815495848655701],
    [4.267922878265381, -2.188075065612793, -0.5633968710899353],
    [4.200229644775391, -2.0965962409973145, -0.593233048915863],
    [5.418845176696777, -1.6622798442840576, -0.5844429731369019],
    [7.429847240447998, -1.2725138664245605, -0.6515713334083557],
    [4.997276782989502, -1.6062747240066528, -0.5961460471153259],
    [8.021212577819824, -1.036414384841919, -0.6346117854118347],
    [5.0384416580200195, -1.8288344144821167, -0.5607567429542542],
    [5.043735980987549, -1.6864383220672607, -0.5266284942626953],
    [3.8810296058654785, -2.1331570148468018, -0.5868681073188782],
    [3.9428248405456543, -2.1479809284210205, -0.571776807308197],
    [3.968906879425049, -2.2140073776245117, -0.5879411697387695],
    [4.136446475982666, -2.215747594833374, -0.5760412216186523],
    [4.102344512939453, -2.2981345653533936, -0.5211595296859741],
    [4.1941986083984375, -2.263657331466675, -0.5031706094741821],
    [4.170997619628906, -2.296879291534424, -0.5036504864692688],
    [4.099370956420898, -2.337301731109619, -0.5253086090087891],
    [4.134308338165283, -2.44334077835083, -0.5535825490951538],
    [3.945035219192505, -2.4259352684020996, -0.5557312965393066],
    [4.1623077392578125, -2.2793490886688232, -0.5731853246688843],
    [6.103461742401123, -1.8955503702163696, -0.604168176651001],
    [4.157262802124023, -2.1888203620910645, -0.5753292441368103],
    [5.82307767868042, -1.6749165058135986, -0.6438263654708862],
    [5.259258270263672, -1.602902889251709, -0.5884950757026672],
    [9.111465454101562, -0.9606070518493652, -0.6769561767578125],
    [7.7994256019592285, -1.2125836610794067, -0.5983520746231079],
    [10.177979469299316, -0.7927874326705933, -0.545975923538208],
    [4.928030967712402, -1.7478060722351074, -0.5537372827529907],
    [6.0779619216918945, -1.7596302032470703, -0.5751940011978149],
    [4.010768413543701, -2.092017889022827, -0.5971068143844604],
    [3.967489004135132, -2.0637781620025635, -0.6031213998794556],
    [3.870558738708496, -2.1132972240448, -0.6188054084777832],
    [3.9216229915618896, -2.093578338623047, -0.5649695992469788],
    [4.159519672393799, -2.2543082237243652, -0.5594345927238464],
    [4.048100471496582, -2.17706561088562, -0.44224750995635986],
    [4.047266960144043, -2.4107024669647217, -0.47271308302879333],
    [4.037250518798828, -2.436342239379883, -0.4767886996269226],
    [4.034615993499756, -2.400851011276245, -0.5303535461425781],
    [4.195371150970459, -2.4017226696014404, -0.558339536190033],
    [4.163591384887695, -2.277494430541992, -0.5796764492988586],
    [4.301857948303223, -2.1453678607940674, -0.6130173206329346],
    [4.218277931213379, -1.9336481094360352, -0.6052287817001343],
    [4.121255397796631, -2.033402681350708, -0.5803577899932861],
    [5.041955471038818, -1.8244129419326782, -0.5781378746032715],
    [9.636114120483398, -0.4878104329109192, -0.620940089225769],
    [8.597162246704102, -0.6259373426437378, -0.5193403363227844],
    [4.951008319854736, -1.6996535062789917, -0.5683785676956177],
    [4.990921497344971, -1.6613682508468628, -0.5407596230506897],
    [3.92905592918396, -2.1030192375183105, -0.6202656626701355],
    [4.00330924987793, -2.373358726501465, -0.6466031670570374],
    [3.912976026535034, -2.241588592529297, -0.6880282163619995],
    [4.005871295928955, -2.2565150260925293, -0.6403616666793823],
    [4.002340316772461, -2.343654155731201, -0.5983614921569824],
    [4.090043544769287, -2.3338816165924072, -0.45526638627052307],
    [4.006505012512207, -2.392835855484009, -0.46887022256851196],
    [4.1113762855529785, -2.33076810836792, -0.4747055768966675],
    [4.339718341827393, -2.4387171268463135, -0.5294766426086426],
    [4.284467697143555, -2.4071238040924072, -0.5487164258956909],
    [4.47019624710083, -2.2964911460876465, -0.5972501039505005],
    [4.263399600982666, -2.133998394012451, -0.6252949237823486],
    [4.319926738739014, -1.9204704761505127, -0.5766996145248413],
    [6.2804694175720215, -1.6105921268463135, -0.6100858449935913],
    [4.9975080490112305, -1.618317723274231, -0.5444850921630859],
    [11.074347496032715, -0.22564920783042908, -0.6370685696601868],
    [10.292509078979492, -0.19691109657287598, -0.6518832445144653],
    [12.61633586883545, 0.35655730962753296, -0.5485445261001587],
    [4.8484697341918945, -1.6710094213485718, -0.590269923210144],
    [6.6450676918029785, -1.336583137512207, -0.6329430937767029],
    [3.9267406463623047, -1.9337736368179321, -0.6306076645851135],
    [3.9514403343200684, -1.9916883707046509, -0.6544758677482605],
    [3.979257106781006, -2.014035940170288, -0.6544424295425415],
    [3.9044716358184814, -2.1627140045166016, -0.629924476146698],
    [4.148319244384766, -2.4308745861053467, -0.5982900857925415],
    [4.030848503112793, -2.460683822631836, -0.5528587102890015],
    [4.2059736251831055, -2.4991557598114014, -0.5657175183296204],
    [4.1959547996521, -2.390091896057129, -0.5242707133293152],
    [4.549998760223389, -2.469251871109009, -0.5334768295288086],
    [4.568244934082031, -2.2868423461914062, -0.5484399199485779],
    [4.5142822265625, -2.04978609085083, -0.5371010303497314],
    [4.45941162109375, -1.8752537965774536, -0.5436506271362305],
    [4.538190841674805, -1.924236536026001, -0.6189742684364319],
    [4.555111885070801, -1.8096939325332642, -0.5239030122756958],
    [5.441838264465332, -1.7166343927383423, -0.5501082539558411],
    [8.644042015075684, -0.8386957049369812, -0.6270586848258972],
    [6.768337249755859, -1.1435390710830688, -0.6324480772018433],
    [5.066867828369141, -1.6674772500991821, -0.637037992477417],
    [5.123371601104736, -1.5515769720077515, -0.6122633814811707],
    [3.8037643432617188, -1.944557547569275, -0.6184284090995789],
    [3.998027801513672, -2.4350712299346924, -0.6645349264144897],
    [3.8707475662231445, -2.202951669692993, -0.6386525630950928],
    [4.1183929443359375, -2.464714765548706, -0.6467650532722473],
    [3.766974449157715, -2.452223777770996, -0.5664233565330505],
    [4.305163383483887, -2.6706631183624268, -0.5961018204689026],
    [3.985724925994873, -2.7472875118255615, -0.6264677047729492],
    [4.362597465515137, -2.5507826805114746, -0.5661328434944153],
    [4.6769232749938965, -2.32236385345459, -0.577412486076355],
    [4.430563449859619, -2.173658847808838, -0.5483734607696533],
    [4.637210369110107, -2.1115286350250244, -0.5541411638259888],
    [4.641658306121826, -1.949507713317871, -0.5532042980194092],
    [4.447913646697998, -1.8184525966644287, -0.5816212296485901],
    [9.6775484085083, -0.1374761313199997, -0.6154239177703857],
    [5.178581714630127, -1.392737627029419, -0.5543176531791687],
    [14.898787498474121, 1.8100801706314087, -0.6980574131011963],
    [11.343924522399902, 0.12543657422065735, -0.6214889287948608],
    [13.951444625854492, 0.9953073263168335, -0.7137170433998108],
    [5.126178741455078, -1.5482949018478394, -0.6549745798110962],
    [6.991917133331299, -1.3373178243637085, -0.6904574632644653],
    [3.7884879112243652, -1.8109813928604126, -0.6339219808578491],
    [3.787200927734375, -1.8963451385498047, -0.6257511973381042],
    [3.8043713569641113, -1.988287329673767, -0.6045441627502441],
    [3.706310749053955, -2.148941993713379, -0.5906881093978882],
    [3.864788770675659, -2.4076671600341797, -0.6548991203308105],
    [4.026429176330566, -2.719843864440918, -0.6347983479499817],
    [4.538063049316406, -2.87876033782959, -0.7217233777046204],
    [4.50828742980957, -2.6132919788360596, -0.6119706630706787],
    [4.816947937011719, -2.50990629196167, -0.597646951675415],
    [4.757547855377197, -2.259700059890747, -0.6216891407966614],
    [4.696562767028809, -1.958967924118042, -0.48917055130004883],
    [4.518723964691162, -1.9448097944259644, -0.523798942565918],
    [4.50929069519043, -1.839003086090088, -0.43777090311050415],
    [4.525392055511475, -1.857548713684082, -0.5580065250396729],
    [5.180755138397217, -1.5715137720108032, -0.5840807557106018],
    [11.653301239013672, 0.5090542435646057, -0.7066050171852112],
    [8.533659934997559, -0.6901451945304871, -0.6065148711204529],
    [5.07334041595459, -1.585845708847046, -0.6027454733848572],
    [5.133874893188477, -1.5343387126922607, -0.5644262433052063],
    [3.654920816421509, -1.8528541326522827, -0.6168488264083862],
    [3.8146612644195557, -2.274062395095825, -0.6739146113395691],
    [3.6289920806884766, -2.023841142654419, -0.6354306936264038],
    [3.7073230743408203, -2.421058177947998, -0.601525604724884],
    [3.6589138507843018, -2.396772861480713, -0.6154337525367737],
    [4.0393781661987305, -2.6098196506500244, -0.6768206357955933],
    [3.9909067153930664, -2.677478551864624, -0.6801269054412842],
    [4.307205677032471, -2.4033403396606445, -0.6569091081619263],
    [4.596177101135254, -2.22332501411438, -0.5757972002029419],
    [4.434340000152588, -2.046381950378418, -0.5852293968200684],
    [4.803783893585205, -1.9194023609161377, -0.48798930644989014],
    [4.563778877258301, -1.675992488861084, -0.4742499887943268],
    [8.72756290435791, -0.2903704345226288, -0.5228267312049866],
    [5.140158653259277, -1.5481337308883667, -0.5811633467674255],
    [16.970600128173828, 3.1532435417175293, -0.8225858807563782],
    [13.111786842346191, 1.2884149551391602, -0.6614984273910522],
    [15.508219718933105, 1.8876270055770874, -0.749273419380188],
    [5.137814044952393, -1.4973385334014893, -0.5972404479980469],
    [7.172677516937256, -1.1804087162017822, -0.6163541078567505],
    [3.768693447113037, -1.730301022529602, -0.6058844923973083],
    [3.7903683185577393, -1.654028296470642, -0.6843676567077637],
    [3.738126516342163, -1.7321970462799072, -0.7149384617805481],
    [3.5198159217834473, -1.886301875114441, -0.6965274214744568],
    [3.2282824516296387, -2.410752058029175, -0.61675626039505],
    [3.48276686668396, -2.2203104496002197, -0.706786572933197],
    [3.83048677444458, -2.242985486984253, -0.7721335887908936],
    [4.090270519256592, -1.9600085020065308, -0.6165370941162109],
    [4.205799579620361, -2.0303332805633545, -0.605606734752655],
    [4.082653522491455, -1.913299322128296, -0.6156623959541321],
    [4.146956920623779, -2.153062343597412, -0.6263725757598877],
    [4.064760684967041, -1.7587766647338867, -0.5093928575515747],
    [4.398163318634033, -1.4294921159744263, -0.5367026925086975],
    [4.305159568786621, -1.6761447191238403, -0.5390267968177795],
    [4.812474250793457, -1.6417537927627563, -0.5690372586250305],
    [6.9027557373046875, -1.1043380498886108, -0.6311834454536438],
    [5.072298526763916, -1.4668049812316895, -0.6117589473724365],
    [5.073572158813477, -1.45782470703125, -0.5580252408981323],
    [3.6252145767211914, -1.9386038780212402, -0.6127297282218933],
    [3.7111573219299316, -2.227466583251953, -0.637823224067688],
    [3.7391090393066406, -1.8647570610046387, -0.6150310635566711],
    [3.862987518310547, -2.2224135398864746, -0.6668082475662231],
    [3.6053590774536133, -2.4545884132385254, -0.6001665592193604],
    [3.646307945251465, -2.551253318786621, -0.6258958578109741],
    [3.67317795753479, -2.4912352561950684, -0.6643720269203186],
    [4.176898002624512, -2.1362438201904297, -0.6421756744384766],
    [4.24605131149292, -2.225752592086792, -0.6669595837593079],
    [4.047562599182129, -2.0865883827209473, -0.6756497025489807],
    [3.9671268463134766, -2.142256259918213, -0.6713247299194336],
    [4.0028300285339355, -2.07081937789917, -0.630473256111145],
    [4.409460544586182, -1.6902122497558594, -0.5824469923973083],
    [4.706579685211182, -1.6950846910476685, -0.49983444809913635],
    [17.555213928222656, 3.4783987998962402, -0.690458357334137],
    [14.11355972290039, 1.867816686630249, -0.6490117311477661],
    [15.22700309753418, 1.623863935470581, -0.7164376974105835],
    [5.108129501342773, -1.4770169258117676, -0.6091819405555725],
    [6.280368328094482, -1.2736517190933228, -0.6301999092102051],
    [3.655062437057495, -1.8514442443847656, -0.6282987594604492],
    [3.5717031955718994, -1.6394760608673096, -0.6140137910842896],
    [3.810534715652466, -1.6047348976135254, -0.604299783706665],
    [3.421037197113037, -1.7851378917694092, -0.6400201320648193],
    [3.6092569828033447, -2.190743923187256, -0.6623750925064087],
    [3.5264053344726562, -2.1207611560821533, -0.7210271954536438],
    [3.700981378555298, -2.4350669384002686, -0.6128833293914795],
    [3.9559309482574463, -1.996280550956726, -0.6712338924407959],
    [3.733348846435547, -2.0547983646392822, -0.5445543527603149],
    [4.005719184875488, -1.7053678035736084, -0.6169465184211731],
    [4.017599105834961, -1.8321411609649658, -0.6015663743019104],
    [4.225541591644287, -1.4929559230804443, -0.57798171043396],
    [4.416037559509277, -1.6648114919662476, -0.6267080903053284],
    [4.703259468078613, -1.6283801794052124, -0.5879982709884644],
    [11.648332595825195, 0.6969542503356934, -0.7005954384803772],
    [9.23559856414795, -0.5949205160140991, -0.6562702655792236],
    [6.006647109985352, -1.0560541152954102, -0.6287662982940674],
    [5.16184139251709, -1.5186922550201416, -0.6239439249038696],
    [5.2326507568359375, -1.3586127758026123, -0.6572073698043823],
    [3.709331512451172, -1.8775395154953003, -0.6528439521789551],
    [3.9202215671539307, -2.0925755500793457, -0.547754168510437],
    [4.057412624359131, -1.8868136405944824, -0.545552670955658],
    [3.999293804168701, -1.8799992799758911, -0.6054459810256958],
    [3.8064427375793457, -2.3432047367095947, -0.6209990382194519],
    [3.843132734298706, -1.937181830406189, -0.7203323245048523],
    [3.7618253231048584, -2.2467589378356934, -0.6849439740180969],
    [3.7644383907318115, -1.9107565879821777, -0.6989389657974243],
    [4.2339677810668945, -2.0078489780426025, -0.6454100012779236],
    [3.843360424041748, -1.7753350734710693, -0.6577205657958984],
    [4.01924991607666, -1.5511542558670044, -0.5405263304710388],
    [4.1311259269714355, -1.7728102207183838, -0.5961222052574158],
    [4.467309951782227, -1.4666801691055298, -0.523679792881012],
    [4.649251461029053, -1.7330119609832764, -0.5816308259963989],
    [15.711581230163574, 2.130587577819824, -0.711138129234314],
    [13.774676322937012, 0.9103178381919861, -0.6234588027000427],
    [13.84152889251709, 0.8447868227958679, -0.6552841663360596],
    [5.101520538330078, -1.4312834739685059, -0.594969630241394],
    [5.168838024139404, -1.4923083782196045, -0.668903112411499],
    [3.708575963973999, -2.027606248855591, -0.667801558971405],
    [3.703550100326538, -1.7213815450668335, -0.6381456255912781],
    [3.8225464820861816, -1.5981991291046143, -0.5489572286605835],
    [3.4282331466674805, -1.8629264831542969, -0.5775317549705505],
    [3.7832236289978027, -2.1392834186553955, -0.6782273054122925],
    [3.143160581588745, -1.8522653579711914, -0.6692013740539551],
    [3.672844648361206, -1.87894868850708, -0.6560768485069275],
    [3.6178715229034424, -1.629128098487854, -0.6726647615432739],
    [4.070452690124512, -1.6977626085281372, -0.6964640021324158],
    [4.200522422790527, -1.3539273738861084, -0.671841025352478],
    [4.166833400726318, -1.2512338161468506, -0.6330758333206177],
    [4.407998085021973, -1.2258362770080566, -0.6525158286094666],
    [4.482419967651367, -1.4506783485412598, -0.5893551707267761],
    [4.485414505004883, -1.6151419878005981, -0.5383822321891785],
    [4.621407508850098, -1.6851277351379395, -0.5103670358657837],
    [4.938773155212402, -1.5746161937713623, -0.6468219757080078],
    [5.089788913726807, -1.5078672170639038, -0.6190721988677979],
    [5.155202388763428, -1.401440143585205, -0.6409033536911011],
    [3.8202788829803467, -1.8022115230560303, -0.610017716884613],
    [3.900059461593628, -1.8259763717651367, -0.6144300103187561],
    [4.260972499847412, -1.6144883632659912, -0.5910630822181702],
    [3.814939022064209, -1.5961623191833496, -0.47761446237564087],
    [4.12325382232666, -1.7609591484069824, -0.5104309916496277],
    [4.002236366271973, -1.4853168725967407, -0.5282342433929443],
    [4.088097095489502, -1.681638479232788, -0.5983365774154663],
    [4.092638969421387, -1.3364468812942505, -0.6380947232246399],
    [4.331784248352051, -1.6110591888427734, -0.6919816136360168],
    [4.0923614501953125, -1.2527800798416138, -0.6784456968307495],
    [4.223020076751709, -1.3661116361618042, -0.6649512052536011],
    [4.054443359375, -1.5434577465057373, -0.6829636693000793],
    [4.302336692810059, -1.5149859189987183, -0.5914903283119202],
    [4.569718837738037, -1.671913981437683, -0.5478254556655884],
    [14.298282623291016, 0.958308219909668, -0.6525788307189941],
    [13.022391319274902, -0.17098358273506165, -0.6138560771942139],
    [12.431145668029785, 0.01999972015619278, -0.7125946283340454],
    [5.166750431060791, -1.5310428142547607, -0.7515372037887573],
    [5.15118408203125, -1.5055527687072754, -0.6567481160163879],
    [3.799368381500244, -1.7254033088684082, -0.5720423460006714],
    [3.94602108001709, -1.5215559005737305, -0.5322693586349487],
    [3.9083175659179688, -1.3375393152236938, -0.585857629776001],
    [3.8287081718444824, -1.2649316787719727, -0.5066602230072021],
    [4.269843578338623, -1.2787904739379883, -0.4945395588874817],
    [4.010146617889404, -0.9441003203392029, -0.45472270250320435],
    [4.473361968994141, -1.0772309303283691, -0.5674470663070679],
    [4.388040542602539, -0.607040286064148, -0.5496022701263428],
    [4.18528938293457, -0.6154054403305054, -0.5743315815925598],
    [4.196425437927246, -0.758250892162323, -0.5960525274276733],
    [4.04644775390625, -0.9987050294876099, -0.5846413373947144],
    [3.904061794281006, -1.4057739973068237, -0.5583363175392151],
    [4.009431838989258, -1.5849403142929077, -0.5177788734436035],
    [4.117433547973633, -1.5580763816833496, -0.5716952681541443],
    [10.304387092590332, -0.2966007590293884, -0.681187629699707],
    [7.736804485321045, -1.50733482837677, -0.5695329308509827],
    [4.865034103393555, -1.7924952507019043, -0.6085059642791748],
    [5.291299819946289, -1.6014119386672974, -0.6803138852119446],
    [5.185769081115723, -1.5337226390838623, -0.6345196962356567],
    [3.8881800174713135, -1.6879560947418213, -0.5866984128952026],
    [3.970712900161743, -1.5987577438354492, -0.5329467058181763],
    [4.001132011413574, -1.5027148723602295, -0.6054255366325378],
    [4.07092809677124, -1.4687933921813965, -0.5838760137557983],
    [4.143118381500244, -1.4576237201690674, -0.6036761999130249],
    [4.169365882873535, -1.2822926044464111, -0.5731915831565857],
    [4.1115593910217285, -1.3211411237716675, -0.6053508520126343],
    [4.250566005706787, -0.9820570349693298, -0.5825341939926147],
    [4.304996013641357, -1.0011820793151855, -0.5575857162475586],
    [4.231889247894287, -0.8793626427650452, -0.52488112449646],
    [4.185030937194824, -1.6135828495025635, -0.4477766752243042],
    [4.353513240814209, -1.5431654453277588, -0.5695993900299072],
    [12.294978141784668, 0.3829118013381958, -0.7061099410057068],
    [11.482807159423828, -0.34869635105133057, -0.6821948289871216],
    [11.372506141662598, -0.3868074417114258, -0.748939573764801],
    [5.242514133453369, -1.6013498306274414, -0.6803568601608276],
    [5.275527000427246, -1.5378409624099731, -0.6058906316757202],
    [4.273892879486084, -1.7067745923995972, -0.5827419757843018],
    [4.152288436889648, -1.645767331123352, -0.5820448994636536],
    [4.0707783699035645, -1.7372671365737915, -0.5918241143226624],
    [4.03774881362915, -1.5072855949401855, -0.6097335815429688],
    [4.215401649475098, -1.5858125686645508, -0.671432614326477],
    [4.065236568450928, -1.4860751628875732, -0.6047766208648682],
    [4.103875637054443, -1.5577411651611328, -0.6242393255233765],
    [4.146010875701904, -1.28427255153656, -0.6179993748664856],
    [3.9156789779663086, -1.2843222618103027, -0.6415311098098755],
    [4.21455192565918, -1.1223169565200806, -0.5997376441955566],
    [3.864767074584961, -1.1161623001098633, -0.6439738273620605],
    [4.165883541107178, -1.1331182718276978, -0.5292436480522156],
    [4.194311141967773, -1.446338415145874, -0.59889155626297],
    [2.83182430267334, -2.241328239440918, -0.6207879781723022],
    [6.031341552734375, -1.9103045463562012, -0.664939284324646],
    [5.021216869354248, -1.9498380422592163, -0.6371828317642212],
    [5.273487567901611, -1.6973448991775513, -0.6735622882843018],
    [5.237436294555664, -1.623363733291626, -0.6207008361816406],
    [4.568462371826172, -1.7875806093215942, -0.6371422410011292],
    [4.4870781898498535, -1.6308856010437012, -0.6194204092025757],
    [4.5163679122924805, -1.8652760982513428, -0.6672983765602112],
    [4.426048278808594, -1.804883360862732, -0.6867582201957703],
    [4.558681488037109, -1.803743839263916, -0.7481922507286072],
    [4.426529884338379, -1.7836154699325562, -0.7345447540283203],
    [4.593557357788086, -1.9263688325881958, -0.7153951525688171],
    [4.422966003417969, -1.814781665802002, -0.7216145396232605],
    [4.5002288818359375, -1.807178258895874, -0.653729259967804],
    [4.450644493103027, -1.7448945045471191, -0.6785966753959656],
    [4.669404983520508, -1.7412128448486328, -0.6558739542961121],
    [4.318445205688477, -1.7822613716125488, -0.6938940286636353],
    [4.405231952667236, -2.029189348220825, -0.6626671552658081],
    [4.291049480438232, -1.8059520721435547, -0.6589325666427612],
    [6.423718452453613, -1.8006089925765991, -0.7153838276863098],
    [6.278682708740234, -1.6610302925109863, -0.6472105979919434],
    [6.234426498413086, -1.5146396160125732, -0.6348202228546143],
    [5.28413200378418, -1.6127489805221558, -0.6541385650634766],
    [5.361824035644531, -1.625319004058838, -0.6367571949958801]
]
