[
    [2.2247414588928223, -2.6814825534820557, -0.5047522187232971],
    [4.763370037078857, -2.2362358570098877, -0.6421770453453064],
    [4.495736122131348, -2.0756871700286865, -0.6042284965515137],
    [5.803167819976807, -1.3764346837997437, -0.5598240494728088],
    [5.171699523925781, -1.34675133228302, -0.632515549659729],
    [5.124582767486572, -1.2914270162582397, -0.5805869102478027],
    [4.245428085327148, -2.7207717895507812, -0.5617743730545044],
    [4.139803886413574, -2.4839324951171875, -0.5528375506401062],
    [4.09428071975708, -2.3015401363372803, -0.552687406539917],
    [4.32957124710083, -2.0843660831451416, -0.6267963647842407],
    [4.244664669036865, -2.1571288108825684, -0.5535661578178406],
    [4.133795738220215, -2.3012754917144775, -0.5376691222190857],
    [5.5170722007751465, -1.968552827835083, -0.5871955752372742],
    [4.78614616394043, -2.1427135467529297, -0.5936238169670105],
    [4.299129486083984, -2.0511207580566406, -0.5249413251876831],
    [6.562853813171387, -1.7606843709945679, -0.551774263381958],
    [5.3416242599487305, -1.4274559020996094, -0.6288763880729675],
    [5.22480583190918, -1.4298447370529175, -0.563260555267334],
    [4.332825183868408, -1.6882859468460083, -0.5744186043739319],
    [6.6736884117126465, -1.2529025077819824, -0.6257125735282898],
    [6.760284423828125, -0.8706505298614502, -0.6041743755340576],
    [5.260383129119873, -1.3636209964752197, -0.6316022872924805],
    [5.456143379211426, -1.2505450248718262, -0.5793564915657043],
    [4.345904350280762, -2.626163959503174, -0.5106951594352722],
    [4.410702228546143, -2.492922306060791, -0.5960853695869446],
    [4.4670305252075195, -2.00112247467041, -0.6157577633857727],
    [4.479905605316162, -1.6120061874389648, -0.6657323241233826],
    [6.021823883056641, -0.9877820611000061, -0.6352949142456055],
    [4.573876857757568, -1.7560654878616333, -0.599919855594635],
    [5.784508228302002, -0.9936254024505615, -0.5866122245788574],
    [6.278353214263916, -0.9087656736373901, -0.5895692110061646],
    [4.907666206359863, 3.0633490085601807, -0.6320450901985168],
    [2.9596786499023438, 1.9038623571395874, -0.5349844694137573],
    [7.775488376617432, -1.2320743799209595, -0.6292518377304077],
    [5.456047058105469, -1.3921602964401245, -0.6114140748977661],
    [5.363156795501709, -1.2967866659164429, -0.5982935428619385],
    [4.2906813621521, -1.2801851034164429, -0.6480343341827393],
    [5.07571268081665, -1.318960189819336, -0.6207498908042908],
    [4.923072338104248, -1.3993836641311646, -0.5779901742935181],
    [6.768917083740234, -0.9283261895179749, -0.6103494167327881],
    [8.509343147277832, 0.16793029010295868, -0.5717195272445679],
    [5.699180603027344, 3.4722867012023926, -0.6178785562515259],
    [8.03834056854248, 0.2675790786743164, -0.5955500602722168],
    [5.371016979217529, -1.3658334016799927, -0.5855132937431335],
    [5.4684038162231445, -1.2946611642837524, -0.6012930870056152],
    [4.723156452178955, -1.6572868824005127, -0.6587430238723755],
    [4.814295768737793, -1.0988798141479492, -0.660551130771637],
    [5.110269069671631, -0.8358623385429382, -0.6928596496582031],
    [5.699755668640137, -0.7369267344474792, -0.6592975854873657],
    [6.814700126647949, 0.11688585579395294, -0.6245279312133789],
    [7.310529708862305, -0.42342501878738403, -0.6162468194961548],
    [5.584107398986816, 5.12138557434082, -0.5488086342811584],
    [4.640916347503662, 2.9053633213043213, -0.5024478435516357],
    [9.61143970489502, 1.345808506011963, -0.5474311709403992],
    [5.403876781463623, -1.4676730632781982, -0.5804072618484497],
    [5.348733425140381, -1.3550528287887573, -0.6088821291923523],
    [5.119874000549316, -1.1898648738861084, -0.5771958231925964],
    [5.277571201324463, -0.9487317204475403, -0.6375672221183777],
    [5.860715389251709, -0.8798412680625916, -0.6661830544471741],
    [5.71988582611084, -0.9566923379898071, -0.601953387260437],
    [7.150429725646973, -0.9153481125831604, -0.6008203029632568],
    [7.6001715660095215, -0.6257906556129456, -0.617655336856842],
    [7.040541648864746, -0.4623400568962097, -0.6338821649551392],
    [5.452056884765625, -1.3623546361923218, -0.5945572853088379],
    [5.540454387664795, -1.2732460498809814, -0.639301061630249],
    [4.052701950073242, -2.321536064147949, -0.5428116917610168],
    [4.264680862426758, -2.848543167114258, -0.5995029807090759],
    [4.886005878448486, -2.460084915161133, -0.6544553637504578],
    [5.44658088684082, -1.6541039943695068, -0.5887917876243591],
    [5.202197074890137, -1.1247632503509521, -0.6944942474365234],
    [5.707648277282715, -0.42909952998161316, -0.5670937895774841],
    [5.872519493103027, -0.15838128328323364, -0.6821184158325195],
    [8.417314529418945, 2.275817394256592, -0.5585651397705078],
    [7.379273414611816, -0.4544697105884552, -0.6609832644462585],
    [9.997965812683105, 3.9855613708496094, -0.5684887170791626],
    [5.865139007568359, 5.003755569458008, -0.5540672540664673],
    [10.220232009887695, 2.761850357055664, -0.5038588643074036],
    [5.485775947570801, -1.523267388343811, -0.6279101371765137],
    [5.318873882293701, -1.4151089191436768, -0.6221539974212646],
    [3.586451530456543, -2.492290735244751, -0.5988395810127258],
    [5.362734794616699, -1.3308141231536865, -0.608702540397644],
    [6.1173272132873535, -0.7010859847068787, -0.5694066286087036],
    [6.106762409210205, -0.5903868675231934, -0.6853543519973755],
    [7.121692180633545, -0.9128676056861877, -0.5803639888763428],
    [10.134466171264648, 3.1443889141082764, -0.6276629567146301],
    [7.42470645904541, 7.310432434082031, -0.5949232578277588],
    [9.138164520263672, 1.13615083694458, -0.5543716549873352],
    [5.560778617858887, -1.341658115386963, -0.6420193314552307],
    [5.6181416511535645, -1.273864984512329, -0.6261064410209656],
    [3.399885416030884, -1.916164517402649, -0.6504815220832825],
    [3.768761396408081, -1.6117753982543945, -0.7917621731758118],
    [4.021917343139648, -1.4912586212158203, -0.6836821436882019],
    [4.936341285705566, -1.0200003385543823, -0.5544131398200989],
    [6.091435432434082, -0.4762900471687317, -0.6515734195709229],
    [6.306457042694092, -0.0704391747713089, -0.6219481825828552],
    [8.796008110046387, 2.8255534172058105, -0.5673298239707947],
    [7.151759147644043, -0.4199221134185791, -0.5858427286148071],
    [10.64010238647461, 5.988440036773682, -0.5455069541931152],
    [7.12422513961792, 7.070168972015381, -0.5410456657409668],
    [11.222193717956543, 4.369777679443359, -0.5844700336456299],
    [5.583702087402344, -1.5343183279037476, -0.6473783850669861],
    [5.352487087249756, -1.4604451656341553, -0.6340265274047852],
    [2.8020832538604736, -1.5757019519805908, -0.5885927677154541],
    [4.0058183670043945, -0.9986488819122314, -0.5593035221099854],
    [4.255709648132324, -1.7521082162857056, -0.658261775970459],
    [5.754133224487305, -0.5736953616142273, -0.5928303003311157],
    [5.860484600067139, -0.9148514270782471, -0.4694172739982605],
    [7.037085056304932, -0.9898372292518616, -0.5728481411933899],
    [7.953709602355957, 0.0867341011762619, -0.6087551116943359],
    [6.28952693939209, -1.732683539390564, -0.5967649817466736],
    [8.058649063110352, 0.042689353227615356, -0.6591196060180664],
    [5.6623735427856445, -1.4822889566421509, -0.6862589120864868],
    [5.718738555908203, -1.4357389211654663, -0.6686496138572693],
    [3.409013509750366, -1.8196595907211304, -0.60811448097229],
    [4.101992607116699, -1.4310181140899658, -0.6984568238258362],
    [3.9432623386383057, -1.2947109937667847, -0.5618892312049866],
    [3.7840490341186523, 2.0276689529418945, -0.5613974332809448],
    [5.739742755889893, -0.8472074270248413, -0.7626859545707703],
    [6.322865962982178, -0.45150578022003174, -0.6851706504821777],
    [9.11405086517334, 3.2624335289001465, -0.4826398491859436],
    [6.98418664932251, -0.20676814019680023, -0.48137685656547546],
    [10.742358207702637, 6.866917610168457, -0.3887319564819336],
    [7.226683139801025, 7.768373489379883, -0.5560608506202698],
    [11.491811752319336, 5.244241714477539, -0.5329539775848389],
    [5.730936527252197, -1.5229941606521606, -0.7111687660217285],
    [5.394354343414307, -1.4814702272415161, -0.628641664981842],
    [1.7436845302581787, 1.5731006860733032, -0.6596432328224182],
    [3.8484511375427246, -0.9834048748016357, -0.5824260711669922],
    [5.443907737731934, -1.475358486175537, -0.6387401819229126],
    [5.334578990936279, -1.5615187883377075, -0.5000168681144714],
    [7.129079818725586, -0.5789290070533752, -0.4733390808105469],
    [10.728784561157227, 5.040867805480957, -0.5771809220314026],
    [6.9877142906188965, 5.4875359535217285, -0.6288885474205017],
    [7.990839004516602, 0.07408493757247925, -0.6342059969902039],
    [5.628636360168457, -1.6126500368118286, -0.6810426115989685],
    [5.881163597106934, -1.4156122207641602, -0.7065774202346802],
    [3.5671226978302, -1.4902997016906738, -0.6623446345329285],
    [3.631385326385498, -1.4652525186538696, -0.6105906963348389],
    [3.9849326610565186, -1.1442841291427612, -0.5609071850776672],
    [3.5356128215789795, -1.937745451927185, -0.6415674090385437],
    [4.132517337799072, -1.3733998537063599, -0.6806461811065674],
    [4.405379772186279, -0.8931787610054016, -0.6294307708740234],
    [4.173340320587158, -1.1631288528442383, -0.5819430947303772],
    [3.4892377853393555, 1.9928752183914185, -0.5646924376487732],
    [4.390620708465576, -1.7240146398544312, -0.5427271127700806],
    [3.8329837322235107, 2.6710753440856934, -0.610170841217041],
    [4.993782997131348, -1.839870572090149, -0.662785530090332],
    [7.681650161743164, 1.162937879562378, -0.613173246383667],
    [7.292202472686768, -0.10555118322372437, -0.6599076390266418],
    [10.94607925415039, 7.127798557281494, -0.4865568280220032],
    [10.788597106933594, 6.8336100578308105, -0.5878245234489441],
    [11.364031791687012, 5.1631083488464355, -0.624325692653656],
    [5.689181804656982, -1.485110878944397, -0.6793575286865234],
    [5.54203462600708, -1.4234492778778076, -0.6665763854980469],
    [3.9115793704986572, -1.302435040473938, -0.6154252886772156],
    [3.771888494491577, -1.2609342336654663, -0.6232500076293945],
    [2.4685051441192627, 1.6066598892211914, -0.608207106590271],
    [2.4725711345672607, 1.660599708557129, -0.6203836798667908],
    [3.9220550060272217, -0.7001494765281677, -0.6535675525665283],
    [7.088510036468506, -0.48211973905563354, -0.5925773978233337],
    [8.416998863220215, 0.01186494529247284, -0.6235095262527466],
    [6.5801167488098145, -1.6693576574325562, -0.5816300511360168],
    [7.208037376403809, -0.5596157908439636, -0.6286812424659729],
    [5.646362781524658, -1.525497555732727, -0.7030999064445496],
    [5.791805267333984, -1.3830676078796387, -0.661928117275238],
    [3.791900396347046, -1.1997076272964478, -0.5995196104049683],
    [3.768418073654175, -1.1500729322433472, -0.5572953224182129],
    [3.8220598697662354, -0.4738118052482605, -0.5386096239089966],
    [3.5508956909179688, -0.5640664100646973, -0.5533333420753479],
    [3.9250619411468506, -0.5479914546012878, -0.6150646805763245],
    [4.184113502502441, -1.1681026220321655, -0.6311858892440796],
    [4.364574909210205, -0.2514728009700775, -0.5995268225669861],
    [4.2719035148620605, -1.0067830085754395, -0.5333017110824585],
    [3.5195586681365967, 2.8807921409606934, -0.6220077872276306],
    [6.597956657409668, -0.14339318871498108, -0.6378062963485718],
    [6.6106767654418945, -0.4234646260738373, -0.6723278760910034],
    [10.660582542419434, 5.960435390472412, -0.6008528470993042],
    [11.057029724121094, 6.921428203582764, -0.5306920409202576],
    [10.312374114990234, 2.2494869232177734, -0.5255371928215027],
    [5.628610610961914, -1.4474413394927979, -0.6571031808853149],
    [5.476624011993408, -1.3763982057571411, -0.6182273626327515],
    [4.110673904418945, -1.126002550125122, -0.5744789838790894],
    [4.230977535247803, -0.809083104133606, -0.5107545256614685],
    [4.424683094024658, -0.5377844572067261, -0.5903688669204712],
    [4.041458606719971, -0.3072283864021301, -0.5469979047775269],
    [3.74855899810791, -0.0046972110867500305, -0.6068627238273621],
    [3.8108904361724854, 0.19888293743133545, -0.675100564956665],
    [3.839601993560791, 0.006473012268543243, -0.5495030283927917],
    [3.6212031841278076, -0.9031111001968384, -0.6264497637748718],
    [5.41789436340332, -1.0605672597885132, -0.631428599357605],
    [9.38090705871582, 4.502147674560547, -0.6155248880386353],
    [6.4756550788879395, 4.618597507476807, -0.6930099725723267],
    [5.487379550933838, -1.4615377187728882, -0.5437710285186768],
    [5.367627143859863, -1.456056833267212, -0.7132101655006409],
    [5.566717147827148, -1.3716086149215698, -0.670568585395813],
    [4.039066314697266, -1.1086455583572388, -0.6036942601203918],
    [4.2323455810546875, -0.9595755338668823, -0.5175924897193909],
    [4.299067974090576, -0.17220687866210938, -0.5923576354980469],
    [4.194505214691162, -0.09059470146894455, -0.6026020646095276],
    [4.390655040740967, -0.4537390172481537, -0.5433401465415955],
    [4.097558498382568, -0.4280094504356384, -0.5937573313713074],
    [4.820701599121094, 0.15219160914421082, -0.5124711394309998],
    [4.384411811828613, -1.0460188388824463, -0.5428279042243958],
    [4.669098377227783, 0.4170023202896118, -0.6157137751579285],
    [3.889247417449951, -1.193915843963623, -0.6296972036361694],
    [10.225419998168945, 4.717047691345215, -0.6088498830795288],
    [10.517675399780273, 5.5584940910339355, -0.6311199069023132],
    [9.550654411315918, 0.8995211124420166, -0.6013292074203491],
    [5.496469497680664, -1.4556070566177368, -0.6560024619102478],
    [5.529065132141113, -1.472607135772705, -0.6086059808731079],
    [4.344180583953857, -1.3667356967926025, -0.6026006937026978],
    [4.411686897277832, -1.166960597038269, -0.605725884437561],
    [4.157598495483398, -0.6745977401733398, -0.6199957728385925],
    [3.7834489345550537, -0.7848567962646484, -0.603488028049469],
    [4.065555095672607, -1.0965964794158936, -0.6284225583076477],
    [4.1835784912109375, -0.9356523752212524, -0.5961927771568298],
    [3.887169122695923, -0.9925756454467773, -0.6147028207778931],
    [6.11545991897583, -1.307705283164978, -0.6991174221038818],
    [5.366898536682129, -1.5575745105743408, -0.5410105586051941],
    [5.444264888763428, -1.4780491590499878, -0.6340434551239014],
    [5.522091388702393, -1.3700217008590698, -0.582026481628418],
    [4.530729293823242, -1.6358073949813843, -0.6371079683303833],
    [4.591297626495361, -1.355165719985962, -0.6558746695518494],
    [4.508249759674072, -1.6857116222381592, -0.6799097061157227],
    [4.477518558502197, -2.0846219062805176, -0.7365756034851074],
    [4.513303756713867, -2.192497730255127, -0.6485094428062439],
    [4.51897668838501, -1.8725006580352783, -0.6341987252235413],
    [4.164083480834961, -1.7144485712051392, -0.6399582624435425],
    [4.173555374145508, -2.0493886470794678, -0.6426200866699219],
    [6.3144426345825195, -1.3457281589508057, -0.7202923893928528],
    [6.525078296661377, -1.1044585704803467, -0.66194748878479],
    [6.388562202453613, -1.1197673082351685, -0.6672444343566895],
    [5.4914960861206055, -1.3752933740615845, -0.6468392610549927],
    [5.648834705352783, -1.360646367073059, -0.6424435377120972],
    [3.9010069370269775, -2.4071462154388428, -0.5631881356239319],
    [4.038112163543701, -2.2505133152008057, -0.5483376383781433],
    [4.092023849487305, -2.3524296283721924, -0.5727958679199219],
    [3.331218957901001, -2.2896835803985596, -0.507485032081604],
    [4.3207526206970215, -2.176816940307617, -0.5282050371170044],
    [2.422373056411743, -2.6644248962402344, -0.5486614108085632],
    [3.9469592571258545, -2.3915538787841797, -0.5514088869094849],
    [2.5338315963745117, -2.640810489654541, -0.5220009684562683],
    [1.878698468208313, -2.6218771934509277, -0.5095207095146179],
    [4.816361904144287, -2.155627727508545, -0.6171825528144836],
    [4.686081409454346, -2.018730401992798, -0.5830901265144348],
    [5.792182922363281, -1.3469756841659546, -0.5453978776931763],
    [5.17237663269043, -1.2865123748779297, -0.6104968786239624],
    [3.9421439170837402, -2.4547717571258545, -0.5576964020729065],
    [4.056368350982666, -2.680621385574341, -0.51471346616745],
    [4.058862209320068, -2.5107908248901367, -0.5698342323303223],
    [4.114159107208252, -2.6327924728393555, -0.5721169114112854],
    [4.14673376083374, -2.3571836948394775, -0.5462176203727722],
    [4.037779331207275, -2.4080212116241455, -0.5433679819107056],
    [4.05398416519165, -2.278369903564453, -0.47990477085113525],
    [4.013491630554199, -2.307016611099243, -0.5335557460784912],
    [4.2331647872924805, -2.3075592517852783, -0.5447200536727905],
    [4.326562881469727, -2.104879856109619, -0.5938917398452759],
    [4.293371677398682, -1.9637351036071777, -0.5474038124084473],
    [4.24138069152832, -2.1031956672668457, -0.5399363040924072],
    [4.200230121612549, -2.133957624435425, -0.5403353571891785],
    [5.521987438201904, -1.9380500316619873, -0.564720094203949],
    [5.335903167724609, -1.6305485963821411, -0.6053223609924316],
    [5.2126874923706055, -2.4875969886779785, -0.5508173108100891],
    [4.283048629760742, -2.400434970855713, -0.48135316371917725],
    [6.173724174499512, -1.7246878147125244, -0.5349743962287903],
    [5.302754878997803, -1.3310173749923706, -0.6300296783447266],
    [5.21040153503418, -1.4371107816696167, -0.5764799118041992],
    [3.537163496017456, -2.507366180419922, -0.5725349187850952],
    [3.6290347576141357, -2.4580280780792236, -0.5297807455062866],
    [3.919229507446289, -2.623399257659912, -0.5656070709228516],
    [3.70713472366333, -2.327287435531616, -0.512448251247406],
    [4.264517784118652, -2.4628701210021973, -0.5788513422012329],
    [3.8948864936828613, -2.0550076961517334, -0.5087031722068787],
    [4.1015706062316895, -2.080188035964966, -0.5464048385620117],
    [4.097253799438477, -2.0309154987335205, -0.5441662073135376],
    [4.25557804107666, -2.266418218612671, -0.5951852202415466],
    [4.352138519287109, -1.941089153289795, -0.566702127456665],
    [4.439955234527588, -1.9656314849853516, -0.6159117221832275],
    [4.16931676864624, -1.610373854637146, -0.5698835849761963],
    [4.1441850662231445, -1.8894329071044922, -0.5603628754615784],
    [4.109532356262207, -1.7409569025039673, -0.571642279624939],
    [6.423745632171631, -1.2851545810699463, -0.5851017832756042],
    [6.7108354568481445, -0.8778557181358337, -0.601146936416626],
    [5.292291641235352, -1.263547658920288, -0.5988035798072815],
    [5.408595085144043, -1.1813478469848633, -0.5717132091522217],
    [3.574247121810913, -2.502168655395508, -0.5787715911865234],
    [3.7990052700042725, -2.7705259323120117, -0.533454179763794],
    [3.8118271827697754, -2.6772119998931885, -0.583797037601471],
    [4.284665107727051, -2.858996868133545, -0.6008193492889404],
    [4.056892395019531, -2.553279161453247, -0.5772292613983154],
    [4.210856914520264, -2.491230010986328, -0.49256375432014465],
    [4.0689167976379395, -2.124324321746826, -0.5274738669395447],
    [4.321622371673584, -2.3481695652008057, -0.557550311088562],
    [4.151947975158691, -2.412454128265381, -0.5817829370498657],
    [4.363058567047119, -1.9942537546157837, -0.5575637221336365],
    [4.445196151733398, -1.5790406465530396, -0.6264286041259766],
    [6.054116725921631, -1.0455461740493774, -0.6053811311721802],
    [4.5596208572387695, -1.5770204067230225, -0.5779751539230347],
    [5.775935173034668, -1.0286197662353516, -0.5521038770675659],
    [6.2654290199279785, -0.9046132564544678, -0.6017098426818848],
    [6.923026084899902, -1.056342601776123, -0.5845239162445068],
    [4.421846866607666, -2.6592555046081543, -0.5143356919288635],
    [7.331496715545654, -1.3785319328308105, -0.6004819273948669],
    [5.433917999267578, -1.28386652469635, -0.6121010780334473],
    [5.331820487976074, -1.2953084707260132, -0.6194236278533936],
    [3.580721378326416, -2.4759886264801025, -0.5548664927482605],
    [3.622143268585205, -2.4160451889038086, -0.5587084889411926],
    [3.6867663860321045, -2.5949933528900146, -0.6171408891677856],
    [3.6857454776763916, -2.5865790843963623, -0.616058349609375],
    [3.959841728210449, -2.6333463191986084, -0.628425657749176],
    [3.842196226119995, -2.458634853363037, -0.513573169708252],
    [4.078888893127441, -2.2819197177886963, -0.5726359486579895],
    [3.931765079498291, -2.1783812046051025, -0.6137430667877197],
    [3.9460625648498535, -2.121800422668457, -0.5561039447784424],
    [4.342469692230225, -1.7467550039291382, -0.5635856986045837],
    [4.27973747253418, -1.221346139907837, -0.618529736995697],
    [4.478159427642822, -1.3675810098648071, -0.5793240070343018],
    [4.88612174987793, -1.349295973777771, -0.5442218780517578],
    [8.159727096557617, -0.04728563129901886, -0.5160086750984192],
    [7.862025260925293, 0.21043044328689575, -0.5941325426101685],
    [5.395570278167725, -1.332515001296997, -0.5498749017715454],
    [5.453244686126709, -1.211015224456787, -0.6094411015510559],
    [3.5501370429992676, -2.325834035873413, -0.5946975350379944],
    [3.7527058124542236, -2.6423768997192383, -0.6357355713844299],
    [3.662565231323242, -2.5379152297973633, -0.6381491422653198],
    [4.228161811828613, -2.7876179218292236, -0.6482462882995605],
    [3.726736545562744, -2.4884088039398193, -0.6133086681365967],
    [4.370232105255127, -2.6127233505249023, -0.566708505153656],
    [4.024803638458252, -2.039760112762451, -0.6078786849975586],
    [4.4250640869140625, -2.00858736038208, -0.6280744671821594],
    [4.223305702209473, -1.9179787635803223, -0.5389564633369446],
    [4.8132429122924805, -1.6111094951629639, -0.5875040292739868],
    [4.830404758453369, -1.287545084953308, -0.6258790493011475],
    [5.247481822967529, -0.8886026740074158, -0.6191392540931702],
    [5.682775497436523, -0.9556788802146912, -0.6301877498626709],
    [6.911164283752441, -0.03531646728515625, -0.5668209791183472],
    [7.319902420043945, -0.5340237021446228, -0.6159643530845642],
    [8.880513191223145, 0.6538707613945007, -0.5361653566360474],
    [6.3863606452941895, -1.7098455429077148, -0.5141541361808777],
    [9.114627838134766, 0.6857959628105164, -0.5555143356323242],
    [5.406582832336426, -1.3919190168380737, -0.5874386429786682],
    [5.323735237121582, -1.3808767795562744, -0.6267592906951904],
    [3.663299083709717, -2.1382405757904053, -0.6130664944648743],
    [3.7338366508483887, -2.1781225204467773, -0.6079244613647461],
    [3.767585515975952, -2.212177276611328, -0.5734162926673889],
    [3.7826852798461914, -2.356761932373047, -0.6479811668395996],
    [4.017728328704834, -2.319200038909912, -0.6931614279747009],
    [4.086425304412842, -1.9688241481781006, -0.6229127049446106],
    [4.286552906036377, -1.7846943140029907, -0.653596818447113],
    [4.194852828979492, -1.6567527055740356, -0.5483247637748718],
    [4.167481422424316, -1.6490596532821655, -0.5640374422073364],
    [4.465708255767822, -1.4575810432434082, -0.5860612988471985],
    [5.063113212585449, -1.0163459777832031, -0.5619227886199951],
    [5.188076019287109, -0.8051440715789795, -0.5907430648803711],
    [5.699336528778076, -0.9166011810302734, -0.5690534114837646],
    [7.425060272216797, -0.7108696699142456, -0.5747321844100952],
    [7.0019659996032715, -0.5133468508720398, -0.5991135835647583],
    [5.4846577644348145, -1.4051756858825684, -0.5741987228393555],
    [3.505272150039673, -2.0296645164489746, -0.6517421007156372],
    [3.6830382347106934, -2.3314900398254395, -0.6266197562217712],
    [3.716827869415283, -2.266390323638916, -0.5428525805473328],
    [4.005488395690918, -2.7678141593933105, -0.5750855803489685],
    [3.774043083190918, -2.6005351543426514, -0.6717698574066162],
    [4.333003997802734, -2.697941780090332, -0.6840073466300964],
    [4.277554035186768, -1.7194186449050903, -0.6743451356887817],
    [4.762340545654297, -1.9171032905578613, -0.6598438024520874],
    [4.168944835662842, -1.7686433792114258, -0.5845276117324829],
    [5.535026550292969, -1.285666823387146, -0.5642468929290771],
    [5.161550998687744, -0.9945740103721619, -0.6562677621841431],
    [5.976922512054443, -0.563139796257019, -0.5326005816459656],
    [5.992705345153809, -0.5326419472694397, -0.673635721206665],
    [8.356403350830078, 1.9264259338378906, -0.5524445176124573],
    [7.473923206329346, -0.6408919095993042, -0.6498529314994812],
    [9.862263679504395, 2.94213604927063, -0.5276520252227783],
    [7.253044605255127, -0.7239086627960205, -0.5626885294914246],
    [9.703186988830566, 1.7589281797409058, -0.49269992113113403],
    [5.475611209869385, -1.4383512735366821, -0.6283400058746338],
    [5.289772987365723, -1.4599049091339111, -0.6264055371284485],
    [3.371671676635742, -1.8716694116592407, -0.6477001309394836],
    [3.3741703033447266, -1.9580479860305786, -0.6130571365356445],
    [3.378044605255127, -1.949519157409668, -0.5920067429542542],
    [3.318086862564087, -2.407640218734741, -0.5796915292739868],
    [3.5647940635681152, -2.6344408988952637, -0.6854408383369446],
    [3.68276047706604, -2.52400803565979, -0.7034837007522583],
    [4.2099432945251465, -1.8839797973632812, -0.7302236557006836],
    [4.048733711242676, -1.502349615097046, -0.7166731953620911],
    [4.274163246154785, -1.310096263885498, -0.5598436594009399],
    [4.053345203399658, -1.6046932935714722, -0.6182011961936951],
    [4.670970439910889, -1.4113004207611084, -0.6226273775100708],
    [5.291336536407471, -1.0481010675430298, -0.5913329720497131],
    [6.041194438934326, -0.5524347424507141, -0.6361632347106934],
    [9.561548233032227, 2.0203330516815186, -0.6134929656982422],
    [6.495649337768555, -1.7193843126296997, -0.5879225730895996],
    [8.774606704711914, 0.8441430926322937, -0.581156849861145],
    [5.579679012298584, -1.381621241569519, -0.6189296841621399],
    [3.3602705001831055, -1.904920220375061, -0.6408130526542664],
    [3.4715218544006348, -1.9932786226272583, -0.6362724900245667],
    [3.5066323280334473, -1.9578461647033691, -0.5918833017349243],
    [3.3913886547088623, -2.5214974880218506, -0.6393615007400513],
    [3.239010810852051, -2.4096803665161133, -0.55767822265625],
    [3.590871810913086, -2.6676809787750244, -0.6179441809654236],
    [3.706294536590576, -1.8383703231811523, -0.7742867469787598],
    [3.970689535140991, -1.5435587167739868, -0.7364003658294678],
    [4.023493766784668, -1.4331531524658203, -0.5605891346931458],
    [4.958816051483154, -1.4397629499435425, -0.6082344651222229],
    [4.491942405700684, -1.4691449403762817, -0.6158559322357178],
    [6.437257766723633, -0.5978242754936218, -0.6511890292167664],
    [6.213932514190674, -0.13792294263839722, -0.6048389077186584],
    [8.709010124206543, 2.255580425262451, -0.565459668636322],
    [7.210354328155518, -0.7035714387893677, -0.5596651434898376],
    [10.714654922485352, 4.634379863739014, -0.5714195966720581],
    [9.247589111328125, 1.135391116142273, -0.5933957099914551],
    [11.024300575256348, 3.612332820892334, -0.6226223111152649],
    [5.5457234382629395, -1.4574790000915527, -0.6571032404899597],
    [5.277084827423096, -1.5043058395385742, -0.6309771537780762],
    [3.383594274520874, -1.8287631273269653, -0.6046298146247864],
    [3.2564854621887207, -2.008687734603882, -0.6079879999160767],
    [2.9230587482452393, -2.0931568145751953, -0.6091228127479553],
    [2.689819812774658, -2.410597085952759, -0.619840681552887],
    [2.407802104949951, -2.764986038208008, -0.5836714506149292],
    [3.188119649887085, -2.3069329261779785, -0.5788575410842896],
    [3.2418978214263916, -1.5379960536956787, -0.7321447134017944],
    [3.2621545791625977, -1.2513539791107178, -0.6738817691802979],
    [3.9404525756835938, -1.043592095375061, -0.5862162113189697],
    [3.734837293624878, -1.2621638774871826, -0.5418857932090759],
    [4.297675609588623, -1.3887405395507812, -0.6227580308914185],
    [4.335723400115967, -1.5028733015060425, -0.6704245805740356],
    [5.799989223480225, -0.29682958126068115, -0.5769555568695068],
    [5.761806964874268, -0.9068996906280518, -0.45470425486564636],
    [7.829737663269043, -0.08188772946596146, -0.5767667293548584],
    [7.814600467681885, -0.1546766608953476, -0.6435704231262207],
    [5.65324592590332, -1.5291599035263062, -0.6678355932235718],
    [3.371151924133301, -1.7918978929519653, -0.6078636646270752],
    [3.2860658168792725, -1.6874533891677856, -0.6103275418281555],
    [3.3013250827789307, -1.7734053134918213, -0.6029560565948486],
    [2.956305980682373, -2.3406031131744385, -0.6638402342796326],
    [2.8745672702789307, -2.5077836513519287, -0.6097661852836609],
    [3.517406940460205, -2.4850409030914307, -0.7070698738098145],
    [3.164958953857422, -1.5939414501190186, -0.684255838394165],
    [4.079136848449707, -1.58609139919281, -0.7287924289703369],
    [3.838839054107666, -1.381171464920044, -0.6082274317741394],
    [4.202597618103027, -1.6378822326660156, -0.5789197087287903],
    [6.228904724121094, -1.0647891759872437, -0.7783310413360596],
    [6.1583967208862305, -0.4639354944229126, -0.6832709312438965],
    [8.96932601928711, 2.9897608757019043, -0.48438122868537903],
    [7.098659515380859, -0.4086344540119171, -0.4552179276943207],
    [10.968470573425293, 5.743788719177246, -0.4273001551628113],
    [10.042984008789062, 2.339688777923584, -0.6029533743858337],
    [11.252696990966797, 4.0599751472473145, -0.558277428150177],
    [5.663678169250488, -1.4277194738388062, -0.7036323547363281],
    [5.3405537605285645, -1.465412974357605, -0.6241353154182434],
    [3.607455253601074, -1.5343207120895386, -0.6331712007522583],
    [3.610471248626709, -1.6242197751998901, -0.6016501188278198],
    [3.2808759212493896, -1.6972167491912842, -0.5639580488204956],
    [2.9487292766571045, -2.3153951168060303, -0.5560309290885925],
    [1.9669321775436401, -3.0946521759033203, -0.6471953988075256],
    [2.9406135082244873, -2.1182472705841064, -0.7076958417892456],
    [3.07241153717041, -1.922585368156433, -0.7077029347419739],
    [3.3633832931518555, -1.274087905883789, -0.6909152865409851],
    [3.9007115364074707, -1.0916396379470825, -0.6508328318595886],
    [3.781074047088623, -1.0214407444000244, -0.5800015926361084],
    [3.9330992698669434, -1.4963268041610718, -0.596836268901825],
    [3.9734344482421875, -1.810159683227539, -0.7114665508270264],
    [5.277097225189209, -1.514986276626587, -0.6532036066055298],
    [5.210799694061279, -1.262866735458374, -0.4808603525161743],
    [7.83021879196167, -0.08300140500068665, -0.6269007921218872],
    [5.611556529998779, -1.585719108581543, -0.6631044149398804],
    [5.8409504890441895, -1.3208205699920654, -0.6942611336708069],
    [3.5386083126068115, -1.4893734455108643, -0.6488584280014038],
    [3.575077533721924, -1.5072789192199707, -0.6073673963546753],
    [3.5800909996032715, -1.3386510610580444, -0.558519184589386],
    [3.3637797832489014, -1.8212600946426392, -0.5733023881912231],
    [3.3359076976776123, -2.4288761615753174, -0.6555271148681641],
    [3.7723402976989746, -1.9440609216690063, -0.6945231556892395],
    [3.916452646255493, -2.231706380844116, -0.6779658794403076],
    [4.169304370880127, -1.585033655166626, -0.6849161982536316],
    [4.239713668823242, -1.3146393299102783, -0.5946928262710571],
    [4.178101539611816, -1.671471118927002, -0.579520046710968],
    [5.068546772003174, -1.6430715322494507, -0.6699382662773132],
    [7.8648529052734375, 0.8457982540130615, -0.6033073663711548],
    [7.2326860427856445, -0.06549867242574692, -0.6417885422706604],
    [11.055488586425781, 5.732189655303955, -0.509454071521759],
    [10.05311393737793, 2.6275341510772705, -0.5870572328567505],
    [11.249555587768555, 4.319187164306641, -0.6783855557441711],
    [5.643571376800537, -1.3963903188705444, -0.6816393733024597],
    [5.503828048706055, -1.351725697517395, -0.6606507301330566],
    [3.851841926574707, -1.3194029331207275, -0.6161249279975891],
    [3.739398717880249, -1.2575764656066895, -0.6142815351486206],
    [3.6373353004455566, -1.3316103219985962, -0.571612536907196],
    [3.0805654525756836, -1.7536264657974243, -0.5281516909599304],
    [1.8854715824127197, -2.908311605453491, -0.587306022644043],
    [3.0113120079040527, -1.70407235622406, -0.700741708278656],
    [1.988500714302063, -2.417962074279785, -0.6341785788536072],
    [3.371589422225952, -1.238298773765564, -0.5699449777603149],
    [2.784559965133667, -1.3356808423995972, -0.60703444480896],
    [3.287482500076294, -1.1130882501602173, -0.5824088454246521],
    [3.241318464279175, -1.6683248281478882, -0.6206052303314209],
    [3.7318978309631348, -1.886703610420227, -0.5900169014930725],
    [4.27089262008667, -1.7256360054016113, -0.6751137375831604],
    [3.9658801555633545, -1.8519035577774048, -0.6559852361679077],
    [8.178630828857422, -0.1042177826166153, -0.5967007279396057],
    [7.049516677856445, -0.6957629919052124, -0.6253995895385742],
    [5.612752437591553, -1.4996992349624634, -0.682091474533081],
    [5.74418306350708, -1.2798027992248535, -0.6496801972389221],
    [3.758603096008301, -1.2061617374420166, -0.5474024415016174],
    [3.83439040184021, -0.581341028213501, -0.5594503879547119],
    [3.485222339630127, -0.9103021025657654, -0.5302991271018982],
    [3.0684428215026855, -0.8678241968154907, -0.5489687919616699],
    [3.5261127948760986, -1.230371117591858, -0.6390930414199829],
    [3.8681154251098633, -1.376173973083496, -0.6552438139915466],
    [4.059571266174316, -1.053379774093628, -0.644636869430542],
    [3.9768059253692627, -1.635553002357483, -0.5673263669013977],
    [3.818232774734497, -1.1263673305511475, -0.6414788961410522],
    [3.718968629837036, -1.4767929315567017, -0.6014111042022705],
    [4.233259201049805, -1.864267349243164, -0.6241517066955566],
    [7.168509483337402, -0.15470682084560394, -0.633662223815918],
    [6.441281795501709, -0.20833906531333923, -0.6492855548858643],
    [10.757585525512695, 4.9410600662231445, -0.6132361888885498],
    [10.663074493408203, 2.985619306564331, -0.5801945328712463],
    [10.02840805053711, 1.6017094850540161, -0.5321798324584961],
    [5.591805458068848, -1.3448103666305542, -0.6518532037734985],
    [5.440781116485596, -1.366426706314087, -0.6151821613311768],
    [4.251185417175293, -0.7538923621177673, -0.5013608336448669],
    [4.404670715332031, -0.6190969347953796, -0.5899653434753418],
    [4.008275508880615, -0.25713616609573364, -0.5473107099533081],
    [3.40830659866333, -0.12494129687547684, -0.5292239785194397],
    [3.450167179107666, -0.19007167220115662, -0.5757103562355042],
    [3.3789119720458984, -0.4460764527320862, -0.703855037689209],
    [3.3254623413085938, -0.48986753821372986, -0.5829302668571472],
    [3.460658550262451, -0.6113370656967163, -0.5313937067985535],
    [3.0718159675598145, -0.4702877700328827, -0.6260907053947449],
    [3.455204963684082, -0.6896468997001648, -0.6565361022949219],
    [3.4786033630371094, -0.9841083288192749, -0.6552676558494568],
    [3.644879102706909, -1.7663781642913818, -0.5375196933746338],
    [3.562084197998047, -1.7702661752700806, -0.5927226543426514],
    [5.399167060852051, -0.8373509049415588, -0.6382365226745605],
    [9.43726921081543, 1.7201331853866577, -0.6033901572227478],
    [6.061269283294678, -1.6920912265777588, -0.6164989471435547],
    [5.399560928344727, -1.450927495956421, -0.545798659324646],
    [5.367634296417236, -1.4495651721954346, -0.6960961222648621],
    [5.516717910766602, -1.3462474346160889, -0.664069652557373],
    [4.025120258331299, -1.0754367113113403, -0.598084032535553],
    [4.245153427124023, -0.9300408363342285, -0.5165027976036072],
    [4.242116451263428, -0.11404886841773987, -0.5920166969299316],
    [4.270971775054932, -0.2724239230155945, -0.6133589148521423],
    [3.555309534072876, -0.42578554153442383, -0.5523467063903809],
    [4.276057720184326, -0.672325074672699, -0.5422327518463135],
    [3.545835018157959, -0.904097855091095, -0.6314883828163147],
    [4.2602972984313965, -0.6958640217781067, -0.5528569221496582],
    [4.057961940765381, -1.7140849828720093, -0.5683697462081909],
    [4.695711135864258, -0.33912232518196106, -0.6211584806442261],
    [3.5343151092529297, -0.8765536546707153, -0.661245584487915],
    [3.9668922424316406, -1.2516469955444336, -0.6191678047180176],
    [4.783286094665527, -1.039942741394043, -0.5806324481964111],
    [10.11179256439209, 3.9490714073181152, -0.6036170721054077],
    [9.825175285339355, 1.605167269706726, -0.5992617607116699],
    [9.301186561584473, 0.5686107873916626, -0.5924057960510254],
    [5.478701591491699, -1.3457762002944946, -0.6472623944282532],
    [5.489527225494385, -1.444942593574524, -0.604819655418396],
    [4.296093463897705, -1.347402811050415, -0.5918785333633423],
    [4.4207844734191895, -1.058340072631836, -0.5901272892951965],
    [4.146340847015381, -1.0015130043029785, -0.5993759632110596],
    [4.157488822937012, -0.6276228427886963, -0.5986522436141968],
    [3.2450194358825684, -0.9844226241111755, -0.615953803062439],
    [3.8540468215942383, -0.728162944316864, -0.594367504119873],
    [2.8108837604522705, -1.4828869104385376, -0.6326163411140442],
    [4.084383487701416, -0.9338541030883789, -0.6330260038375854],
    [3.2821083068847656, -1.7395553588867188, -0.6105509400367737],
    [4.11696720123291, -0.8401704430580139, -0.5963754653930664],
    [3.086623191833496, -1.329674482345581, -0.6175087094306946],
    [3.8971779346466064, -0.8360214829444885, -0.6135647892951965],
    [3.0961310863494873, -1.6114745140075684, -0.6472302079200745],
    [4.186861515045166, -1.4884244203567505, -0.6267028450965881],
    [4.108927249908447, -1.6630630493164062, -0.5952528715133667],
    [6.170618057250977, -1.399959921836853, -0.7048243284225464],
    [5.953292369842529, -1.6489990949630737, -0.6170845031738281],
    [5.20395040512085, -1.5390589237213135, -0.551227867603302],
    [5.405013561248779, -1.5144459009170532, -0.6201945543289185],
    [5.459120273590088, -1.375851035118103, -0.5846433639526367],
    [4.670657634735107, -1.7655240297317505, -0.6432859301567078],
    [4.5570478439331055, -1.5976762771606445, -0.6407034397125244],
    [4.56298828125, -1.2855446338653564, -0.6546854376792908],
    [4.4207024574279785, -1.600609302520752, -0.6793888807296753],
    [4.286784648895264, -1.6927293539047241, -0.7180930376052856],
    [4.358953475952148, -1.9534639120101929, -0.7473344802856445],
    [4.652231693267822, -2.188586473464966, -0.7044365406036377],
    [4.420266151428223, -2.141538381576538, -0.6610717177391052],
    [4.7674665451049805, -2.45094633102417, -0.5980333089828491],
    [4.473851680755615, -1.770311713218689, -0.6487124562263489],
    [4.366846561431885, -1.6428029537200928, -0.6424979567527771],
    [4.137299060821533, -1.6096936464309692, -0.6515198349952698],
    [4.238041400909424, -1.7024906873703003, -0.6186501383781433],
    [4.114619255065918, -2.0968852043151855, -0.6562022566795349],
    [4.617605209350586, -1.6204437017440796, -0.6420325636863708],
    [6.226515293121338, -1.3533403873443604, -0.7197757363319397],
    [6.380855560302734, -1.0759965181350708, -0.6590526700019836],
    [6.246438980102539, -1.1380977630615234, -0.6592674255371094],
    [5.425291538238525, -1.3475370407104492, -0.6299235820770264],
    [5.590945243835449, -1.3054306507110596, -0.6396438479423523]
]
