[
    [4.646800994873047, -1.084183931350708, -0.5960786938667297],
    [4.234767913818359, -1.4515773057937622, -0.5559377074241638],
    [6.154209613800049, -0.9973874092102051, -0.5774070620536804],
    [5.460129261016846, -1.3065153360366821, -0.6210669279098511],
    [5.3765788078308105, -1.3207684755325317, -0.6097266674041748],
    [4.407084941864014, -1.3545303344726562, -0.5247561931610107],
    [4.402167320251465, -1.2227109670639038, -0.5740609169006348],
    [4.480943202972412, -1.0122485160827637, -0.5910105109214783],
    [4.554143905639648, -1.0214247703552246, -0.5518196821212769],
    [4.0649566650390625, -1.1443628072738647, -0.5317316055297852],
    [3.5442326068878174, -1.3000017404556274, -0.5572209358215332],
    [4.500779628753662, -0.5065190196037292, -0.513936460018158],
    [4.38016414642334, -0.181500643491745, -0.5840317606925964],
    [7.600388050079346, -0.39254775643348694, -0.6058410406112671],
    [5.60561466217041, -1.2263418436050415, -0.6079421639442444],
    [6.253846168518066, -1.2990009784698486, -0.5906214118003845],
    [4.401183128356934, -1.605749249458313, -0.5744151473045349],
    [4.433239936828613, -1.4028810262680054, -0.5472126007080078],
    [4.23388671875, -0.9733366370201111, -0.5694662928581238],
    [3.8987443447113037, -0.7894724607467651, -0.6191896200180054],
    [4.726286888122559, -1.189316749572754, -0.5824010968208313],
    [6.071294784545898, -1.0251264572143555, -0.5824218988418579],
    [5.698794364929199, -1.1652437448501587, -0.6601560711860657],
    [5.654147624969482, -1.095587968826294, -0.5770970582962036],
    [4.341575622558594, -1.7639490365982056, -0.58436518907547],
    [4.257809638977051, -1.4458082914352417, -0.5889757871627808],
    [3.958439826965332, -0.9650282859802246, -0.5821078419685364],
    [4.313903331756592, -0.8825955390930176, -0.5513431429862976],
    [4.336222171783447, -0.557564914226532, -0.5899203419685364],
    [4.4308857917785645, -0.9589211940765381, -0.5727746486663818],
    [4.128961086273193, -0.7525298595428467, -0.5753160119056702],
    [4.35080099105835, -1.036502480506897, -0.5973443984985352],
    [5.493226528167725, 0.20902135968208313, -0.5750333666801453],
    [5.516059875488281, 3.5051627159118652, -0.6815407872200012],
    [8.60098648071289, -0.19439387321472168, -0.5376278758049011],
    [5.6592116355896, -1.155260443687439, -0.6314572691917419],
    [6.442105293273926, -0.8549808263778687, -0.5971225500106812],
    [4.408449649810791, -1.7017303705215454, -0.57076495885849],
    [4.3638834953308105, -1.228517770767212, -0.5014894604682922],
    [4.466468811035156, -0.8034230470657349, -0.5880649089813232],
    [4.323197841644287, -0.6830154657363892, -0.5768325924873352],
    [4.507079124450684, -0.7472692728042603, -0.6070207953453064],
    [4.823514938354492, -0.6479191780090332, -0.6347965002059937],
    [4.9058837890625, -0.5282264947891235, -0.6179695725440979],
    [4.649905681610107, -0.8340062499046326, -0.5847015976905823],
    [8.285358428955078, 0.15141715109348297, -0.5967327356338501],
    [6.604247093200684, 4.364772796630859, -0.7123822569847107],
    [8.028379440307617, 4.920811176300049, -0.7556285858154297],
    [5.3174943923950195, -1.205510139465332, -0.6774610877037048],
    [5.398585796356201, -1.038859486579895, -0.6007637977600098],
    [4.290074348449707, -1.872648000717163, -0.6136492490768433],
    [4.057861804962158, -1.39778733253479, -0.5523760318756104],
    [4.379830837249756, -0.9625902771949768, -0.5219599008560181],
    [4.194867134094238, -0.8628256916999817, -0.49575692415237427],
    [4.466987609863281, -0.894420325756073, -0.5508627891540527],
    [4.335292816162109, -0.4377024173736572, -0.532542884349823],
    [5.227726459503174, -0.6118224263191223, -0.6149153709411621],
    [5.063910961151123, -0.5631088614463806, -0.6200313568115234],
    [5.236083507537842, -1.0350950956344604, -0.5922442674636841],
    [6.829535961151123, -0.4345934987068176, -0.5468326807022095],
    [11.713444709777832, -0.31621280312538147, -0.6408137083053589],
    [8.220391273498535, 0.14108581840991974, -0.6148399114608765],
    [12.760842323303223, -2.4811019897460938, -0.7294536232948303],
    [5.537538528442383, -1.1177239418029785, -0.6588407158851624],
    [6.680988311767578, -0.7269917726516724, -0.6894838809967041],
    [3.98063325881958, -2.0013222694396973, -0.6336362361907959],
    [7.593437194824219, -0.4025716185569763, -0.6877815127372742],
    [7.187771797180176, -0.6962037682533264, -0.604141116142273],
    [6.735382556915283, -0.7337117791175842, -0.6123987436294556],
    [5.330378532409668, -1.1000921726226807, -0.6818422079086304],
    [5.308484077453613, -0.9132413268089294, -0.6472867131233215],
    [3.9480085372924805, -1.8501837253570557, -0.6158827543258667],
    [4.499068260192871, -1.0509393215179443, -0.5387221574783325],
    [4.617602348327637, -0.8249004483222961, -0.5931522846221924],
    [4.501847743988037, -0.7513123750686646, -0.5921911597251892],
    [4.816053867340088, -1.0886775255203247, -0.6337571144104004],
    [4.571121692657471, -1.113930344581604, -0.5688040256500244],
    [6.97579288482666, -0.44646698236465454, -0.6044062972068787],
    [5.067605972290039, -1.1922224760055542, -0.5341324806213379],
    [16.327621459960938, -2.4397573471069336, -0.842797577381134],
    [14.568188667297363, 2.0261178016662598, -0.6705363392829895],
    [15.58891487121582, -3.6713497638702393, -0.776695191860199],
    [5.360572338104248, -1.0772573947906494, -0.6577664017677307],
    [5.884963512420654, -0.8278283476829529, -0.6712154150009155],
    [4.640015602111816, -1.3416154384613037, -0.6054816246032715],
    [4.604203701019287, -0.735282301902771, -0.6080058813095093],
    [11.831939697265625, 3.4929444789886475, -0.7439672946929932],
    [11.373722076416016, 3.2319512367248535, -0.6834129691123962],
    [7.904899597167969, -0.1245114654302597, -0.7407717704772949],
    [5.313471794128418, -0.9017737507820129, -0.6433132886886597],
    [3.848963499069214, -1.6149390935897827, -0.6281853914260864],
    [3.971327543258667, -2.367597818374634, -0.5681930780410767],
    [4.988025665283203, -1.092074990272522, -0.6504805684089661],
    [4.819643974304199, -0.7865071892738342, -0.6519699692726135],
    [5.035496234893799, -0.5662292242050171, -0.6295345425605774],
    [4.460915565490723, -1.170654058456421, -0.5300641655921936],
    [6.451294898986816, -0.37771284580230713, -0.6293764114379883],
    [15.51315689086914, -2.763385534286499, -0.7935833930969238],
    [15.770873069763184, 2.142700433731079, -0.7867014408111572],
    [15.55783462524414, -2.93601655960083, -0.8214186429977417],
    [5.287668704986572, -1.1179571151733398, -0.6172571778297424],
    [5.189929962158203, -1.00710129737854, -0.6086989045143127],
    [3.833134889602661, -1.495442509651184, -0.6072496175765991],
    [7.956541061401367, -0.5705302953720093, -0.7253730297088623],
    [7.369271278381348, -0.5665596723556519, -0.6790308952331543],
    [5.376945495605469, -1.0628615617752075, -0.5958073735237122],
    [5.242883682250977, -1.1917662620544434, -0.6433128714561462],
    [5.2418646812438965, -0.9526640772819519, -0.5584099292755127],
    [3.7360284328460693, -1.547817587852478, -0.5906703472137451],
    [3.489332675933838, -1.5207620859146118, -0.6126843690872192],
    [4.72335958480835, -1.0314571857452393, -0.6601415276527405],
    [4.536684036254883, -1.7508255243301392, -0.5567544102668762],
    [6.776273727416992, 4.171375274658203, -0.6954094767570496],
    [15.483613967895508, -2.923239231109619, -0.8178947567939758],
    [15.032999992370605, 1.4542908668518066, -0.8625365495681763],
    [15.592823028564453, -2.17857027053833, -0.792827844619751],
    [5.3934197425842285, -1.1741695404052734, -0.6622745990753174],
    [5.272923946380615, -1.0872232913970947, -0.6278400421142578],
    [4.002861976623535, -1.432774543762207, -0.651375949382782],
    [3.6817283630371094, -1.534212589263916, -0.5978344678878784],
    [10.903557777404785, 3.5975778102874756, -0.7980769872665405],
    [8.92966079711914, 4.185655117034912, -0.7299164533615112],
    [5.7684855461120605, -0.7983080148696899, -0.623502790927887],
    [5.440793514251709, -1.318963646888733, -0.6861280798912048],
    [5.500507354736328, -1.0535900592803955, -0.6651143431663513],
    [3.9707202911376953, -1.4986324310302734, -0.661432683467865],
    [3.703277587890625, -1.4586039781570435, -0.5943410396575928],
    [4.029242038726807, -1.6575727462768555, -0.6385387778282166],
    [4.157804489135742, -1.5209599733352661, -0.6277693510055542],
    [4.468983173370361, -1.3124778270721436, -0.6442304253578186],
    [4.205773830413818, -1.8356397151947021, -0.6009390354156494],
    [4.3710126876831055, -1.2230476140975952, -0.6081165671348572],
    [14.435002326965332, -1.975380539894104, -0.7539234757423401],
    [13.287389755249023, 1.9369633197784424, -0.6878522634506226],
    [15.229019165039062, -1.0520708560943604, -0.873410165309906],
    [5.51127815246582, -1.3781172037124634, -0.6943883895874023],
    [5.466095924377441, -1.173326849937439, -0.6886085867881775],
    [4.188729763031006, -1.5051872730255127, -0.6099970936775208],
    [3.918278932571411, -1.4047086238861084, -0.5859683156013489],
    [2.9778366088867188, -1.4545186758041382, -0.6312861442565918],
    [7.088927745819092, -1.0381301641464233, -0.6891867518424988],
    [6.71040153503418, -1.1868610382080078, -0.6525186896324158],
    [5.150587558746338, -1.4814389944076538, -0.6352244019508362],
    [5.520474433898926, -1.1744579076766968, -0.690394401550293],
    [4.196033000946045, -1.4551348686218262, -0.6311466693878174],
    [3.905846118927002, -1.356408953666687, -0.5657525658607483],
    [3.474891424179077, -0.9194462895393372, -0.5793658494949341],
    [3.6941659450531006, -0.9971267580986023, -0.5958481431007385],
    [3.5231564044952393, -1.1393730640411377, -0.6008855700492859],
    [3.9120044708251953, -1.6697908639907837, -0.6885077357292175],
    [3.9613168239593506, -1.265724778175354, -0.6858596801757812],
    [4.498216152191162, -0.5797380805015564, -0.6359041333198547],
    [4.282013416290283, -0.7368811964988708, -0.6386646628379822],
    [3.969700574874878, 1.7891355752944946, -0.5909783840179443],
    [4.391430377960205, -1.2077279090881348, -0.5597031116485596],
    [13.530033111572266, -0.2309960424900055, -0.6715425848960876],
    [12.133977890014648, 2.6472651958465576, -0.8145731091499329],
    [13.758467674255371, 0.11031129956245422, -0.7325243949890137],
    [5.466226100921631, -1.404632806777954, -0.6723570227622986],
    [5.3746232986450195, -1.224897861480713, -0.613254725933075],
    [4.201479434967041, -1.384537935256958, -0.602491021156311],
    [4.153080940246582, -1.2531280517578125, -0.5002211332321167],
    [3.700517416000366, -0.5146796107292175, -0.5801901817321777],
    [4.120762825012207, -0.3724012076854706, -0.6354487538337708],
    [3.8790173530578613, -0.8625316023826599, -0.6219185590744019],
    [3.977800130844116, -0.41961270570755005, -0.6458634734153748],
    [9.157855987548828, 4.050233364105225, -0.6687815189361572],
    [7.832942485809326, 4.248642921447754, -0.6617633700370789],
    [5.059216022491455, -1.5066421031951904, -0.5429384112358093],
    [5.446799278259277, -1.3970013856887817, -0.696274995803833],
    [5.346565246582031, -1.2350099086761475, -0.6341780424118042],
    [4.173496723175049, -1.4431686401367188, -0.6137895584106445],
    [4.185606002807617, -1.23163640499115, -0.5141727328300476],
    [3.7241363525390625, -0.7952830791473389, -0.5354928374290466],
    [3.7364819049835205, -0.6693938970565796, -0.5655463933944702],
    [4.12086296081543, -0.40607374906539917, -0.5737796425819397],
    [4.054636001586914, -1.148261547088623, -0.6321067810058594],
    [4.383130073547363, 0.5423256158828735, -0.6154595613479614],
    [4.16067361831665, -0.4695785343647003, -0.6249498724937439],
    [4.218899726867676, -0.3009514808654785, -0.6383185386657715],
    [6.3325958251953125, 4.849910736083984, -0.5844475030899048],
    [4.327983379364014, -1.345216989517212, -0.6035463213920593],
    [12.217350959777832, 0.7648990154266357, -0.6094918847084045],
    [10.689706802368164, 3.3415117263793945, -0.5329612493515015],
    [12.749410629272461, 1.041888952255249, -0.6253139972686768],
    [5.34550666809082, -1.423586368560791, -0.6240931153297424],
    [5.3115129470825195, -1.3046516180038452, -0.5752639770507812],
    [4.25023889541626, -1.518520712852478, -0.6027892231941223],
    [3.967569351196289, -1.1223065853118896, -0.5612668991088867],
    [3.6220204830169678, -1.0804208517074585, -0.5971487164497375],
    [3.7858073711395264, -1.1748930215835571, -0.5548712015151978],
    [3.9157755374908447, -1.0514845848083496, -0.5709584355354309],
    [3.718187093734741, -0.9048298597335815, -0.6359319090843201],
    [1.8760913610458374, 2.1577556133270264, -0.5613583922386169],
    [4.147337436676025, -1.1499016284942627, -0.569343090057373],
    [5.878086566925049, -1.5650489330291748, -0.5500870943069458],
    [5.076216697692871, -1.5721797943115234, -0.5683785080909729],
    [5.309216022491455, -1.355953574180603, -0.565708339214325],
    [4.292383670806885, -1.6815087795257568, -0.6371927857398987],
    [4.1595001220703125, -1.9589769840240479, -0.761724054813385],
    [4.122232913970947, -2.185159921646118, -0.7093272805213928],
    [4.218890190124512, -2.0286037921905518, -0.7330896854400635],
    [3.9121367931365967, -0.6708042621612549, -0.6844770908355713],
    [3.1590449810028076, 2.389941453933716, -0.5994872450828552],
    [6.21815824508667, -2.047724962234497, -0.6547146439552307],
    [6.014547348022461, -1.5656869411468506, -0.6092432737350464],
    [6.162420749664307, -1.4162745475769043, -0.666906476020813],
    [5.2926530838012695, -1.3872053623199463, -0.6674109697341919],
    [5.338807582855225, -1.5485873222351074, -0.6337099075317383],
    [3.8564493656158447, -1.4512739181518555, -0.5409387350082397],
    [4.2536540031433105, -1.453927755355835, -0.5693376064300537],
    [1.3403778076171875, -2.0407493114471436, -0.4822467565536499],
    [1.6410099267959595, -1.852461814880371, -0.517094075679779],
    [1.8202238082885742, -1.9827414751052856, -0.5141185522079468],
    [1.5207295417785645, -2.1604480743408203, -0.4636124074459076],
    [2.969834566116333, -1.4664772748947144, -0.548792839050293],
    [2.412689685821533, -1.6275825500488281, -0.613192081451416],
    [2.6918981075286865, -1.7160887718200684, -0.5292485356330872],
    [1.6049067974090576, -1.8275706768035889, -0.4620818793773651],
    [4.534801483154297, -1.065134048461914, -0.5765623450279236],
    [4.363195419311523, -1.2688928842544556, -0.54073166847229],
    [6.026983737945557, -0.9178469181060791, -0.5934139490127563],
    [5.474804878234863, -1.23686945438385, -0.5956147313117981],
    [4.347992420196533, -1.6309155225753784, -0.5668380260467529],
    [4.356529235839844, -1.3947935104370117, -0.517172634601593],
    [4.290820121765137, -1.3954228162765503, -0.5510852336883545],
    [4.339969158172607, -1.1719472408294678, -0.565401554107666],
    [4.226950168609619, -1.1241867542266846, -0.5567741394042969],
    [4.426806449890137, -0.9539119005203247, -0.5856806039810181],
    [4.4575910568237305, -1.1168142557144165, -0.562378466129303],
    [4.534169673919678, -1.0142714977264404, -0.5469664931297302],
    [4.073154449462891, -1.2283564805984497, -0.5323033332824707],
    [3.470114231109619, -1.3871873617172241, -0.5489691495895386],
    [2.965912103652954, -1.610123872756958, -0.5392307043075562],
    [2.425398111343384, -1.7599689960479736, -0.5849282741546631],
    [2.875135898590088, -1.6235935688018799, -0.5490562915802002],
    [2.432424545288086, -1.9155234098434448, -0.547829270362854],
    [4.497015476226807, -0.8058538436889648, -0.503528356552124],
    [4.539709091186523, -0.9598712921142578, -0.557643711566925],
    [7.402238368988037, -0.6514468789100647, -0.6054474711418152],
    [5.566573619842529, -1.1125866174697876, -0.6120610237121582],
    [6.200197219848633, -1.2507858276367188, -0.5862656235694885],
    [4.374695301055908, -1.6262847185134888, -0.5726094841957092],
    [4.421994209289551, -1.3536800146102905, -0.535057544708252],
    [4.279388427734375, -1.3856860399246216, -0.5555720329284668],
    [4.1171674728393555, -0.9990096092224121, -0.5139648914337158],
    [4.151806354522705, -1.217631459236145, -0.5278593897819519],
    [3.975850820541382, -0.9374001622200012, -0.5623085498809814],
    [4.22231388092041, -1.0426805019378662, -0.5424418449401855],
    [4.058278560638428, -0.9437918066978455, -0.5467892289161682],
    [4.340007305145264, -1.0504299402236938, -0.5666136145591736],
    [4.1777191162109375, -0.9345785975456238, -0.5443733334541321],
    [3.965801239013672, -1.0207469463348389, -0.5867505073547363],
    [3.7902326583862305, -0.7528221607208252, -0.5961679220199585],
    [2.832911252975464, -1.3148345947265625, -0.5460631847381592],
    [2.7042551040649414, -1.127715826034546, -0.5325781106948853],
    [2.358588218688965, -1.744010090827942, -0.48978179693222046],
    [4.601245880126953, -1.1459249258041382, -0.5602309703826904],
    [4.441222667694092, -1.2047648429870605, -0.5582982301712036],
    [5.923184394836426, -1.005208134651184, -0.5966101288795471],
    [5.692770957946777, -1.0225882530212402, -0.6218411922454834],
    [5.633160591125488, -1.0555386543273926, -0.5714840888977051],
    [4.162144184112549, -1.494506597518921, -0.5459157824516296],
    [4.291388511657715, -1.553267240524292, -0.5656743049621582],
    [4.170083999633789, -1.418760895729065, -0.5788617134094238],
    [4.292324542999268, -1.2857767343521118, -0.5194976329803467],
    [3.9004015922546387, -0.9434475302696228, -0.5830272436141968],
    [4.288420677185059, -0.8183486461639404, -0.5439306497573853],
    [4.358936309814453, -0.5288136601448059, -0.5814234018325806],
    [4.421197414398193, -0.8795506954193115, -0.5662261247634888],
    [4.151278972625732, -0.7300271987915039, -0.5488447546958923],
    [4.421635150909424, -0.9824011325836182, -0.5897688269615173],
    [3.478355884552002, -1.1530123949050903, -0.5105869174003601],
    [2.746410369873047, -1.768683910369873, -0.559386134147644],
    [2.34689998626709, -1.9620755910873413, -0.4993475675582886],
    [2.578488826751709, -1.8878573179244995, -0.5129638910293579],
    [4.529408931732178, -0.6502644419670105, -0.507156252861023],
    [5.388065814971924, -0.9267808198928833, -0.6336637735366821],
    [8.016433715820312, -0.1450974941253662, -0.5769107341766357],
    [5.590099334716797, -1.013145923614502, -0.6445906162261963],
    [6.388846397399902, -0.84881192445755, -0.5936186909675598],
    [4.386892318725586, -1.697954773902893, -0.5470818281173706],
    [4.35408878326416, -1.673667311668396, -0.5656580924987793],
    [4.388184547424316, -1.6423603296279907, -0.5795934200286865],
    [4.350992202758789, -1.2005525827407837, -0.5132474899291992],
    [4.371516227722168, -1.556570291519165, -0.539972186088562],
    [4.252797603607178, -0.9964959621429443, -0.5283315181732178],
    [4.399338722229004, -0.8233336210250854, -0.5759148597717285],
    [4.301849365234375, -0.6581974625587463, -0.547808051109314],
    [4.418483734130859, -0.6109278202056885, -0.5693551301956177],
    [4.849177837371826, -0.5934128165245056, -0.6003285646438599],
    [5.197704315185547, -1.1520459651947021, -0.6142226457595825],
    [4.647169589996338, -0.6983002424240112, -0.5374535918235779],
    [8.114673614501953, 0.2733510732650757, -0.5646236538887024],
    [5.127805233001709, -0.772736668586731, -0.6668985486030579],
    [7.640314102172852, 0.17195862531661987, -0.6972165107727051],
    [5.3168721199035645, -1.0952081680297852, -0.6534658074378967],
    [5.376214027404785, -0.9764647483825684, -0.6092745661735535],
    [4.281831741333008, -1.7698050737380981, -0.6396811604499817],
    [4.178237438201904, -1.8399379253387451, -0.5793440341949463],
    [4.2158403396606445, -1.81181800365448, -0.57813960313797],
    [4.102010726928711, -1.754624843597412, -0.5795881748199463],
    [3.9680581092834473, -1.3821274042129517, -0.5250552892684937],
    [4.402584552764893, -1.0934686660766602, -0.49243980646133423],
    [4.139800071716309, -0.8390093445777893, -0.4498414993286133],
    [4.5242462158203125, -0.8951274156570435, -0.5224071741104126],
    [4.3433427810668945, -0.48329445719718933, -0.49060606956481934],
    [5.329722881317139, -0.723980188369751, -0.5831876397132874],
    [5.040482521057129, -0.5464125871658325, -0.5579814910888672],
    [5.4013752937316895, -0.9671980142593384, -0.5799490213394165],
    [6.786393165588379, -0.5064846277236938, -0.4997009336948395],
    [5.2242631912231445, -1.2284303903579712, -0.5115520358085632],
    [12.315792083740234, -1.665304183959961, -0.6255518198013306],
    [8.628763198852539, -2.5536789894104004, -0.5394233465194702],
    [11.880230903625488, -2.3968582153320312, -0.6764186024665833],
    [5.497186660766602, -0.9281360507011414, -0.6528475284576416],
    [6.643688678741455, -0.6780514717102051, -0.6853986382484436],
    [3.957280158996582, -1.8836652040481567, -0.5817689895629883],
    [3.944828987121582, -1.968064546585083, -0.6241869330406189],
    [3.862912893295288, -1.9464389085769653, -0.5979962348937988],
    [3.8988285064697266, -1.8911505937576294, -0.5626481771469116],
    [4.096135139465332, -1.8364790678024292, -0.6088442802429199],
    [4.031185626983643, -1.6091289520263672, -0.5821424722671509],
    [4.341804027557373, -1.3090943098068237, -0.5271564722061157],
    [4.382071495056152, -1.026808738708496, -0.5065045952796936],
    [4.573786735534668, -0.9707379937171936, -0.5643740296363831],
    [4.6238908767700195, -0.647668182849884, -0.5121328830718994],
    [4.657445430755615, -0.6428406238555908, -0.5463498830795288],
    [4.707427024841309, -1.1895461082458496, -0.49045413732528687],
    [4.9139556884765625, -1.4372822046279907, -0.5583113431930542],
    [6.481411457061768, -0.7235862016677856, -0.6290221214294434],
    [5.315197467803955, -1.0224040746688843, -0.6609463095664978],
    [5.33890962600708, -0.8873147368431091, -0.661625862121582],
    [3.8783118724823, -1.8230714797973633, -0.6030775308609009],
    [4.020022392272949, -1.9846928119659424, -0.6077857613563538],
    [3.93477201461792, -2.0778191089630127, -0.6181768178939819],
    [4.175845623016357, -2.221102237701416, -0.6216787099838257],
    [3.674731969833374, -2.2564992904663086, -0.6618318557739258],
    [4.087123394012451, -1.6150448322296143, -0.6486437916755676],
    [4.134018898010254, -1.5706533193588257, -0.6318161487579346],
    [4.429141521453857, -0.9669821262359619, -0.49667608737945557],
    [4.694559097290039, -0.7994867563247681, -0.557604968547821],
    [4.492359638214111, -0.7567144632339478, -0.538068950176239],
    [4.861011028289795, -1.0404576063156128, -0.5779072642326355],
    [4.526182651519775, -1.1066064834594727, -0.5168852210044861],
    [4.590202808380127, -1.304205298423767, -0.527660071849823],
    [6.936596870422363, -0.27036333084106445, -0.5983148813247681],
    [5.045003414154053, -1.2012273073196411, -0.5383166074752808],
    [15.935871124267578, -2.64062762260437, -0.755905032157898],
    [11.653472900390625, -2.683370590209961, -0.6002891659736633],
    [14.781349182128906, -3.1914987564086914, -0.6975588202476501],
    [5.313633918762207, -0.94866943359375, -0.6564170718193054],
    [5.869330406188965, -0.7427471280097961, -0.6794680953025818],
    [3.8786957263946533, -1.72334885597229, -0.6121897101402283],
    [3.728905200958252, -2.070596218109131, -0.5979453325271606],
    [3.414074420928955, -2.425382137298584, -0.6134023666381836],
    [3.5111312866210938, -2.3370437622070312, -0.5564020276069641],
    [3.4798412322998047, -2.2518177032470703, -0.646931529045105],
    [3.5816307067871094, -2.0692005157470703, -0.6289516687393188],
    [4.368649482727051, -1.5620309114456177, -0.7093661427497864],
    [4.52049446105957, -1.025079369544983, -0.5715221762657166],
    [4.773275375366211, -0.6653394103050232, -0.5443596839904785],
    [4.6130146980285645, -1.0849721431732178, -0.632907509803772],
    [4.539296627044678, -1.1026211977005005, -0.5265707969665527],
    [4.024077415466309, -1.314059853553772, -0.6071235537528992],
    [3.9413981437683105, -1.3261662721633911, -0.5763432383537292],
    [4.607189655303955, -1.1113659143447876, -0.6332391500473022],
    [9.661736488342285, -0.5605226755142212, -0.7006452679634094],
    [7.612607002258301, -0.6704142689704895, -0.5839240550994873],
    [7.4945831298828125, -0.398784339427948, -0.7447099089622498],
    [5.231332302093506, -1.050273060798645, -0.6295626163482666],
    [5.279829502105713, -0.8730132579803467, -0.6497966051101685],
    [3.7864174842834473, -1.621729850769043, -0.6330175399780273],
    [3.798794984817505, -1.9271296262741089, -0.586723804473877],
    [3.551326274871826, -2.4064292907714844, -0.5481451749801636],
    [3.747022867202759, -2.521899938583374, -0.5778043866157532],
    [3.592909336090088, -2.757852077484131, -0.6211833357810974],
    [3.8664731979370117, -2.1206371784210205, -0.5847401022911072],
    [3.861314058303833, -1.8969818353652954, -0.6707278490066528],
    [4.929800033569336, -0.7884941101074219, -0.6389129757881165],
    [4.673916816711426, -0.7298584580421448, -0.6301419734954834],
    [4.986300468444824, -0.46474218368530273, -0.5840433239936829],
    [4.620043754577637, -1.1211001873016357, -0.6112876534461975],
    [4.384940147399902, -1.0447574853897095, -0.4924336075782776],
    [3.966740131378174, -1.3746765851974487, -0.6123675107955933],
    [6.301623344421387, -0.3666090965270996, -0.635484516620636],
    [4.751077651977539, -1.2063146829605103, -0.6228650808334351],
    [13.317742347717285, -2.9605536460876465, -0.6885864734649658],
    [14.837409019470215, -2.8930764198303223, -0.787850022315979],
    [5.203670501708984, -1.0157978534698486, -0.618568480014801],
    [5.215333938598633, -0.9881706237792969, -0.6138835549354553],
    [3.783090353012085, -1.5309758186340332, -0.6110736727714539],
    [3.4217114448547363, -1.863766074180603, -0.5948433876037598],
    [2.7284185886383057, -2.4184672832489014, -0.620379626750946],
    [2.649721622467041, -2.411508083343506, -0.5266788005828857],
    [2.812469482421875, -2.800140857696533, -0.5954911112785339],
    [3.041842460632324, -2.1557846069335938, -0.5930250883102417],
    [3.7423791885375977, -1.7299140691757202, -0.6435493230819702],
    [3.8573660850524902, -1.5399295091629028, -0.6650822758674622],
    [4.241838455200195, -0.9176917672157288, -0.616358757019043],
    [4.464824676513672, -1.0341906547546387, -0.6560879945755005],
    [4.289444923400879, -1.3246586322784424, -0.5596259832382202],
    [4.366898059844971, -1.489972710609436, -0.5458088517189026],
    [4.244246482849121, -1.5412981510162354, -0.630425214767456],
    [4.032159805297852, -1.6062322854995728, -0.6037147045135498],
    [4.51652717590332, -1.5119810104370117, -0.6582029461860657],
    [7.80533504486084, -0.4222189486026764, -0.7192752957344055],
    [5.252037048339844, -1.0305192470550537, -0.6154470443725586],
    [5.232945919036865, -1.0938547849655151, -0.6213034391403198],
    [5.222123146057129, -0.9171841144561768, -0.564154863357544],
    [3.6815407276153564, -1.5186564922332764, -0.5898731350898743],
    [3.3596081733703613, -1.6364401578903198, -0.6091747879981995],
    [3.042346954345703, -1.7716079950332642, -0.5451520085334778],
    [2.6711881160736084, -2.082892656326294, -0.5203615427017212],
    [2.8294553756713867, -2.674743890762329, -0.5209841728210449],
    [3.048159122467041, -2.0095365047454834, -0.6138121485710144],
    [3.5841403007507324, -1.960312843322754, -0.6102091073989868],
    [4.220861434936523, -1.0376813411712646, -0.6837320923805237],
    [4.265707492828369, -0.9627526998519897, -0.636498212814331],
    [4.5835862159729, -0.8085685968399048, -0.6980577111244202],
    [4.3029046058654785, -1.5255637168884277, -0.5124744772911072],
    [4.339652061462402, -1.5776606798171997, -0.5735708475112915],
    [4.163015365600586, -1.7293715476989746, -0.5885496735572815],
    [4.5320258140563965, -1.3083432912826538, -0.6802981495857239],
    [15.174675941467285, -3.0169308185577393, -0.7523642778396606],
    [15.102091789245605, -2.172273874282837, -0.7465419769287109],
    [5.3312859535217285, -1.031156063079834, -0.660645604133606],
    [5.285327911376953, -1.0252488851547241, -0.6312218904495239],
    [3.9539783000946045, -1.4211336374282837, -0.6579901576042175],
    [3.6621906757354736, -1.5162023305892944, -0.5930810570716858],
    [3.2243494987487793, -1.6128849983215332, -0.5164757966995239],
    [2.7505481243133545, -1.5821163654327393, -0.5077400803565979],
    [2.8511743545532227, -1.9664316177368164, -0.5168070197105408],
    [2.615974187850952, -1.7824043035507202, -0.5898149013519287],
    [3.354562759399414, -2.2043087482452393, -0.6473737955093384],
    [3.5010366439819336, -1.757387638092041, -0.6616865396499634],
    [3.963059663772583, -1.1359792947769165, -0.6931179165840149],
    [4.238161087036133, -0.8975793719291687, -0.6891626715660095],
    [4.096309661865234, -1.3670737743377686, -0.6289188265800476],
    [4.005954265594482, -1.2981971502304077, -0.6574109196662903],
    [3.989457368850708, -1.5322825908660889, -0.6181115508079529],
    [4.145635604858398, -1.418270468711853, -0.6449927687644958],
    [4.298732757568359, -1.2834757566452026, -0.6869699358940125],
    [9.52371883392334, -0.9544695615768433, -0.7548547387123108],
    [7.1249098777771, -0.8964388966560364, -0.6846569776535034],
    [5.731957912445068, -0.8247715830802917, -0.654703676700592],
    [5.435757160186768, -1.2278833389282227, -0.667288064956665],
    [5.49645471572876, -1.0225932598114014, -0.6585586071014404],
    [3.944216251373291, -1.4421266317367554, -0.6440412998199463],
    [3.5891833305358887, -1.4855314493179321, -0.5900440216064453],
    [3.262850761413574, -1.2885395288467407, -0.5536104440689087],
    [2.7838761806488037, -1.5877281427383423, -0.507756233215332],
    [3.1945443153381348, -1.7701839208602905, -0.5740175247192383],
    [3.0945911407470703, -1.6867198944091797, -0.540522038936615],
    [3.563539505004883, -2.0822653770446777, -0.626717746257782],
    [3.5941338539123535, -1.7144943475723267, -0.696215808391571],
    [3.889822483062744, -1.581939935684204, -0.6524341106414795],
    [4.315378189086914, -1.0385756492614746, -0.661717414855957],
    [3.987323760986328, -1.7182955741882324, -0.5830539464950562],
    [3.5719308853149414, -2.184427261352539, -0.6412570476531982],
    [4.244691848754883, -2.062685966491699, -0.6571464538574219],
    [4.214432716369629, -1.3829967975616455, -0.6443851590156555],
    [14.744556427001953, -1.1383328437805176, -0.8502524495124817],
    [5.486175060272217, -1.2709535360336304, -0.6898547410964966],
    [5.467618465423584, -1.0962228775024414, -0.6881928443908691],
    [4.147824764251709, -1.5123645067214966, -0.6049742102622986],
    [3.891000747680664, -1.4311256408691406, -0.5764389038085938],
    [3.5060832500457764, -1.4071400165557861, -0.5867703557014465],
    [3.1537041664123535, -1.3822413682937622, -0.5849034190177917],
    [3.451256275177002, -1.5873862504959106, -0.6429738998413086],
    [2.9658069610595703, -1.5061029195785522, -0.6106066703796387],
    [3.6188242435455322, -2.0541672706604004, -0.7054648399353027],
    [3.211721181869507, -1.5692405700683594, -0.5643905401229858],
    [3.701695442199707, -1.391952395439148, -0.6086688041687012],
    [3.4804227352142334, -1.1010574102401733, -0.6360541582107544],
    [3.506302833557129, -1.7567856311798096, -0.6653136014938354],
    [3.4175968170166016, -1.5934162139892578, -0.6260436177253723],
    [3.0050244331359863, -2.1453664302825928, -0.6515035629272461],
    [3.691408634185791, -1.6382513046264648, -0.7015703916549683],
    [4.041999340057373, -1.553295612335205, -0.579211950302124],
    [6.72711181640625, -1.580586552619934, -0.7164908051490784],
    [6.293225288391113, -1.2937248945236206, -0.6664230823516846],
    [5.0860595703125, -1.4082597494125366, -0.6598571538925171],
    [5.503783702850342, -1.3161532878875732, -0.6917635202407837],
    [5.484162330627441, -1.1687766313552856, -0.6827560067176819],
    [4.202264785766602, -1.3960838317871094, -0.6178710460662842],
    [3.894961357116699, -1.404162049293518, -0.5574965476989746],
    [3.7013375759124756, -0.9194338321685791, -0.567581832408905],
    [3.1880319118499756, -1.062509298324585, -0.5867365598678589],
    [3.3803508281707764, -0.9890844821929932, -0.6010122299194336],
    [3.303377628326416, -1.2597570419311523, -0.6216569542884827],
    [3.7432339191436768, -1.6602447032928467, -0.7123154401779175],
    [3.6645748615264893, -1.3067620992660522, -0.7138011455535889],
    [4.050872325897217, -1.436028242111206, -0.6946118474006653],
    [4.5615434646606445, -0.5184506773948669, -0.6314283609390259],
    [4.224943161010742, -0.8696112632751465, -0.6470559239387512],
    [4.176267147064209, -1.29705810546875, -0.5834032297134399],
    [4.035698413848877, -1.492356300354004, -0.6424635648727417],
    [13.12359619140625, -0.24628204107284546, -0.6405251622200012],
    [11.041423797607422, -2.326000213623047, -0.718726634979248],
    [13.419173240661621, -0.31958863139152527, -0.7268685698509216],
    [5.376584053039551, -1.3175228834152222, -0.666009247303009],
    [5.346513748168945, -1.1842540502548218, -0.6071436405181885],
    [4.173283100128174, -1.4005974531173706, -0.5951303243637085],
    [4.159549713134766, -1.2014660835266113, -0.4902084469795227],
    [3.9706125259399414, -1.1327118873596191, -0.5469401478767395],
    [3.720358371734619, -0.6482585072517395, -0.5136547088623047],
    [3.5118868350982666, -0.46502581238746643, -0.5479180812835693],
    [3.104692220687866, -0.6178893446922302, -0.5543063282966614],
    [3.506751775741577, -1.0666133165359497, -0.6742122769355774],
    [3.302549362182617, -0.9733460545539856, -0.6415601968765259],
    [4.086647033691406, -0.6857577562332153, -0.6260167956352234],
    [3.599978446960449, -0.4331110119819641, -0.5916479825973511],
    [3.830336332321167, -0.8228374123573303, -0.6396870017051697],
    [3.947878360748291, -0.6425714492797852, -0.6588786840438843],
    [2.9528071880340576, -1.8556026220321655, -0.6080936789512634],
    [3.910736322402954, -1.332656741142273, -0.6033191680908203],
    [4.048835277557373, -1.5579501390457153, -0.6325459480285645],
    [9.096285820007324, -1.3299455642700195, -0.667485773563385],
    [7.208503246307373, -1.0322359800338745, -0.6205370426177979],
    [5.015445709228516, -1.3599885702133179, -0.5533866882324219],
    [5.403534889221191, -1.305103063583374, -0.6664894223213196],
    [5.314327239990234, -1.225278377532959, -0.6321595311164856],
    [4.146339416503906, -1.3970513343811035, -0.6093572974205017],
    [4.194215297698975, -1.2217693328857422, -0.5081557035446167],
    [3.9663968086242676, -0.8141428828239441, -0.569345235824585],
    [3.8424482345581055, -0.7917684316635132, -0.553475022315979],
    [3.4248478412628174, -0.663098931312561, -0.5540071129798889],
    [3.5102384090423584, -0.7227973937988281, -0.5384662747383118],
    [3.3230526447296143, -0.9149819016456604, -0.5655025839805603],
    [3.7060561180114746, -0.9774205088615417, -0.6022729277610779],
    [3.941840648651123, -1.4095708131790161, -0.6212079524993896],
    [4.289652347564697, -0.4223306179046631, -0.5997812151908875],
    [3.7317376136779785, -0.9534889459609985, -0.6653493046760559],
    [3.787795305252075, -1.2092859745025635, -0.6456842422485352],
    [4.301530361175537, -1.4544693231582642, -0.5772526860237122],
    [11.850082397460938, 0.5858367681503296, -0.5959357023239136],
    [10.08813190460205, -1.8753509521484375, -0.4528438150882721],
    [12.471633911132812, 0.9801074862480164, -0.6144572496414185],
    [5.3036699295043945, -1.3103275299072266, -0.6201785206794739],
    [5.299502849578857, -1.2863847017288208, -0.5715624094009399],
    [4.271641731262207, -1.6235777139663696, -0.5829481482505798],
    [4.218214511871338, -1.4341816902160645, -0.5900644063949585],
    [3.9610040187835693, -1.476011872291565, -0.5739777684211731],
    [3.9477665424346924, -0.9868967533111572, -0.5482625961303711],
    [3.35382342338562, -1.3414950370788574, -0.5982304215431213],
    [3.591254234313965, -0.9406483173370361, -0.5726938247680664],
    [3.2099859714508057, -1.4066001176834106, -0.5922507643699646],
    [3.67187762260437, -1.063361406326294, -0.5378018617630005],
    [3.269428253173828, -1.5295592546463013, -0.5425795912742615],
    [3.8489842414855957, -1.0601977109909058, -0.5539449453353882],
    [3.179562568664551, -1.0973490476608276, -0.6214205026626587],
    [3.7247865200042725, -1.1240298748016357, -0.5974607467651367],
    [4.082887649536133, -1.3064112663269043, -0.5475489497184753],
    [2.8352394104003906, -2.002894639968872, -0.5233791470527649],
    [5.685144901275635, -1.5012184381484985, -0.5414294004440308],
    [4.977099895477295, -1.5598647594451904, -0.5833923816680908],
    [5.310561656951904, -1.4380096197128296, -0.6515049338340759],
    [5.265336990356445, -1.3809928894042969, -0.5740802884101868],
    [4.592206001281738, -1.8963826894760132, -0.6378320455551147],
    [4.505817413330078, -1.6924293041229248, -0.6328781247138977],
    [4.422919273376465, -1.6598056554794312, -0.6488458514213562],
    [4.188004493713379, -1.6883010864257812, -0.6391428709030151],
    [4.145764350891113, -1.8439239263534546, -0.709998369216919],
    [4.0859222412109375, -1.8485342264175415, -0.7607730627059937],
    [4.244419097900391, -1.9297395944595337, -0.7155565619468689],
    [4.032821178436279, -2.116230010986328, -0.6890808343887329],
    [4.351072311401367, -1.90018892288208, -0.682098388671875],
    [4.096462249755859, -2.0792407989501953, -0.7099656462669373],
    [4.369167327880859, -1.5726951360702515, -0.6887327432632446],
    [4.21897029876709, -1.7584080696105957, -0.616694986820221],
    [4.334662437438965, -1.9083858728408813, -0.6211197376251221],
    [6.097435474395752, -1.9395084381103516, -0.653103768825531],
    [5.825726509094238, -1.5022495985031128, -0.5943588614463806],
    [6.0125041007995605, -1.3542978763580322, -0.6537647247314453],
    [5.2501726150512695, -1.379521369934082, -0.651549756526947],
    [5.309157371520996, -1.4610419273376465, -0.6322329044342041]
]
