[
    [4.27730655670166, -1.29262375831604, -0.6227964162826538],
    [5.129820346832275, -1.3490318059921265, -0.6060167551040649],
    [5.220832824707031, -1.399332046508789, -0.6450289487838745],
    [5.189066410064697, -1.3562527894973755, -0.5992690920829773],
    [4.208151340484619, -1.5643867254257202, -0.5678108334541321],
    [4.2011823654174805, -1.3164987564086914, -0.5897440314292908],
    [4.17559814453125, -1.260355830192566, -0.5380200147628784],
    [4.306997299194336, -1.3512516021728516, -0.5391361117362976],
    [3.855239152908325, -1.3350211381912231, -0.5653150081634521],
    [4.60554313659668, -2.5517349243164062, -0.5925090312957764],
    [5.655745506286621, -1.2195029258728027, -0.5880143046379089],
    [5.3459858894348145, -1.4786142110824585, -0.6616454720497131],
    [5.127953052520752, -1.4859952926635742, -0.5615614056587219],
    [4.025932788848877, -1.1868093013763428, -0.5071542859077454],
    [4.508164405822754, -1.3326010704040527, -0.6095633506774902],
    [5.354686260223389, -1.3349021673202515, -0.6564820408821106],
    [5.318885803222656, -1.39812433719635, -0.6600862741470337],
    [5.5133056640625, -1.3142049312591553, -0.5647227168083191],
    [3.983215093612671, -1.3397226333618164, -0.6266179084777832],
    [4.332985877990723, -1.0531585216522217, -0.5339615345001221],
    [4.148848533630371, -0.8703621625900269, -0.5583980083465576],
    [4.149084568023682, -1.1957576274871826, -0.5777252316474915],
    [3.7436141967773438, -0.8994925618171692, -0.5989270210266113],
    [3.9272682666778564, -1.8940714597702026, -0.5464714169502258],
    [3.451686143875122, 2.2891364097595215, -0.5946654081344604],
    [7.070626258850098, -0.6162598133087158, -0.6046571731567383],
    [5.511898040771484, -1.4519777297973633, -0.6238821148872375],
    [5.427611351013184, -1.3517271280288696, -0.5815932750701904],
    [4.114555358886719, -1.8788405656814575, -0.5903388857841492],
    [4.526815414428711, -0.7749226689338684, -0.5429099798202515],
    [4.456877708435059, -0.676595151424408, -0.5881142020225525],
    [4.632537364959717, -0.9120078086853027, -0.5622901916503906],
    [4.308338642120361, -0.7812352776527405, -0.6328141093254089],
    [3.7949395179748535, -0.44215238094329834, -0.6400843262672424],
    [7.507018089294434, 0.8962419033050537, -0.5976307988166809],
    [4.84992790222168, 3.9313876628875732, -0.6026268005371094],
    [8.713521003723145, 5.316198825836182, -0.7090632319450378],
    [5.482339859008789, -1.3950164318084717, -0.6266533732414246],
    [5.6298112869262695, -1.2736856937408447, -0.6097339987754822],
    [4.235499382019043, -1.1820772886276245, -0.5387373566627502],
    [4.617857933044434, -0.7054780125617981, -0.5710489749908447],
    [4.4610419273376465, -0.665309488773346, -0.5639350414276123],
    [4.839413642883301, -0.5904788374900818, -0.5871890783309937],
    [4.263001918792725, -0.2652914226055145, -0.5946181416511536],
    [4.513449192047119, -0.25889644026756287, -0.6311671733856201],
    [4.049866676330566, -0.2698836922645569, -0.5902023315429688],
    [4.0713582038879395, -0.8055278062820435, -0.5226135849952698],
    [5.404963970184326, -0.3209373950958252, -0.6121727228164673],
    [4.632755756378174, -0.9596636295318604, -0.5280469059944153],
    [6.283268928527832, 3.47233247756958, -0.5359384417533875],
    [3.9269051551818848, 1.5585637092590332, -0.567268431186676],
    [8.394387245178223, 0.12603986263275146, -0.5991153120994568],
    [5.648128032684326, -1.3759926557540894, -0.6712281703948975],
    [5.631990909576416, -1.220402479171753, -0.5917469263076782],
    [3.877312183380127, -2.114156723022461, -0.6627205014228821],
    [4.095991611480713, -1.4760620594024658, -0.6236910820007324],
    [4.372854709625244, -1.0161991119384766, -0.6106253266334534],
    [4.578805923461914, -0.9145979881286621, -0.6008156538009644],
    [5.2439703941345215, -0.8933800458908081, -0.623832106590271],
    [4.588244438171387, -0.4648230969905853, -0.6149319410324097],
    [6.090048313140869, -0.4075520932674408, -0.5699009895324707],
    [6.2545084953308105, -0.8156317472457886, -0.5587470531463623],
    [5.5934672355651855, -1.2312153577804565, -0.6663873791694641],
    [5.755651950836182, -1.1095789670944214, -0.6452179551124573],
    [4.776332855224609, -1.2509911060333252, -0.707798421382904],
    [4.652310371398926, -0.7382094860076904, -0.665461003780365],
    [4.807119846343994, -0.527898371219635, -0.5714661478996277],
    [5.189409255981445, -0.49137160181999207, -0.6293112635612488],
    [4.736747741699219, -0.14764802157878876, -0.6209556460380554],
    [5.126551628112793, -0.28370821475982666, -0.6419926881790161],
    [4.534790515899658, -0.009089052677154541, -0.6054350733757019],
    [4.861947536468506, -0.5603272914886475, -0.6360463500022888],
    [6.9768266677856445, 2.043104648590088, -0.5226833820343018],
    [5.1681599617004395, -0.8192451000213623, -0.5666745901107788],
    [6.897896766662598, 0.7517287135124207, -0.4000048041343689],
    [5.848119258880615, 2.2604832649230957, -0.47443774342536926],
    [8.100915908813477, 0.18880987167358398, -0.5937679409980774],
    [5.6588826179504395, -1.2366232872009277, -0.6306660771369934],
    [5.689503192901611, -1.1380462646484375, -0.6321529150009155],
    [4.720679759979248, -0.8071756958961487, -0.6060939431190491],
    [4.8089094161987305, -0.8197592496871948, -0.5872058868408203],
    [5.314943313598633, -0.5699890851974487, -0.6594793796539307],
    [5.440821647644043, -0.7170246243476868, -0.6805450320243835],
    [4.4243364334106445, -0.41105183959007263, -0.6751697063446045],
    [4.574106216430664, -0.5507770776748657, -0.6216685175895691],
    [5.048363208770752, -0.684566855430603, -0.5144832134246826],
    [8.441924095153809, 3.1818723678588867, -0.5106818079948425],
    [7.24385929107666, 4.7802839279174805, -0.5513790845870972],
    [7.606821537017822, 0.9196736812591553, -0.5904005169868469],
    [5.61305570602417, -1.0376869440078735, -0.6562950611114502],
    [5.704446792602539, -0.9873812794685364, -0.66585373878479],
    [3.576294183731079, -1.9620426893234253, -0.6844648718833923],
    [3.8330631256103516, -2.2742831707000732, -0.5338968634605408],
    [4.696683406829834, -1.127711296081543, -0.7417620420455933],
    [4.8372039794921875, -0.46608227491378784, -0.6719387173652649],
    [4.825052261352539, -0.7060807347297668, -0.6556268930435181],
    [4.90524435043335, -0.23879805207252502, -0.6499038934707642],
    [5.346141338348389, -0.21298748254776, -0.692130446434021],
    [4.874526500701904, -0.0449015274643898, -0.6228681206703186],
    [4.993948936462402, -0.5212575197219849, -0.6932617425918579],
    [7.009751319885254, 2.0498013496398926, -0.5988872647285461],
    [5.4770283699035645, -0.5231719613075256, -0.5197755694389343],
    [7.935708999633789, 2.8245596885681152, -0.4141957461833954],
    [5.90092134475708, 3.9029483795166016, -0.45061975717544556],
    [8.315210342407227, 1.725074052810669, -0.45045965909957886],
    [5.595876693725586, -1.196492075920105, -0.6445675492286682],
    [5.519248962402344, -1.1018258333206177, -0.646589994430542],
    [3.351191520690918, -1.9526361227035522, -0.5492306351661682],
    [4.372408390045166, -1.279799222946167, -0.7565113306045532],
    [4.328871726989746, -0.7865567207336426, -0.7172340750694275],
    [4.994725704193115, -0.7311496734619141, -0.6767739653587341],
    [5.1623358726501465, -0.5582211017608643, -0.6660683155059814],
    [5.299508571624756, -0.21199598908424377, -0.665843665599823],
    [5.196435451507568, -0.5375166535377502, -0.6665794253349304],
    [5.269657611846924, -0.15486063063144684, -0.6566417217254639],
    [5.8106513023376465, -0.1790635734796524, -0.5700811743736267],
    [6.678670406341553, -0.029576316475868225, -0.4769606590270996],
    [4.874995231628418, -1.5611493587493896, -0.4472813308238983],
    [6.424208164215088, -0.6053203344345093, -0.5562564730644226],
    [5.418332576751709, -1.2259857654571533, -0.6403746008872986],
    [5.546792030334473, -1.1345467567443848, -0.609201967716217],
    [3.4484400749206543, -1.5893737077713013, -0.6341444849967957],
    [3.4891982078552246, -1.7061163187026978, -0.5987011790275574],
    [4.798210144042969, -0.7305115461349487, -0.7516119480133057],
    [4.855133056640625, -0.7076003551483154, -0.7215142846107483],
    [5.122288703918457, -0.1372649073600769, -0.7197275161743164],
    [5.207881927490234, -0.4544341564178467, -0.669852077960968],
    [5.0313310623168945, -0.13237327337265015, -0.6266258955001831],
    [5.193608283996582, -0.3635687232017517, -0.6989847421646118],
    [8.567131042480469, 4.26044225692749, -0.5189685821533203],
    [6.327911853790283, -0.4184587597846985, -0.5895441770553589],
    [9.102039337158203, 4.3467841148376465, -0.3539576232433319],
    [5.353362083435059, 5.493183612823486, -0.4461275637149811],
    [9.312625885009766, 2.7691545486450195, -0.4254588484764099],
    [5.466732978820801, -1.2666418552398682, -0.6402589082717896],
    [5.385830402374268, -1.1236366033554077, -0.6214662194252014],
    [3.4912683963775635, -1.4660038948059082, -0.5967321991920471],
    [3.720043420791626, -1.7269413471221924, -0.7601621150970459],
    [4.493096351623535, -1.049041509628296, -0.7529045343399048],
    [5.230378150939941, -0.6859611868858337, -0.68115234375],
    [4.9493327140808105, -0.44247329235076904, -0.7110856771469116],
    [5.417024612426758, -0.5871325731277466, -0.6311944723129272],
    [5.1692914962768555, -0.48262280225753784, -0.6349114179611206],
    [5.624509811401367, -0.1927393078804016, -0.627598762512207],
    [6.056864261627197, -0.22535213828086853, -0.5931482911109924],
    [9.552101135253906, 4.42759895324707, -0.48594170808792114],
    [7.107995510101318, 5.208932399749756, -0.5428186655044556],
    [7.308822154998779, 0.144578754901886, -0.47976380586624146],
    [5.376289367675781, -1.2357079982757568, -0.6398864984512329],
    [5.452730178833008, -1.1572998762130737, -0.6186803579330444],
    [3.667694091796875, -1.3901360034942627, -0.6865143775939941],
    [3.5975282192230225, -1.3235459327697754, -0.6467384099960327],
    [3.697017192840576, -1.080066442489624, -0.5910131931304932],
    [3.760753870010376, -1.594685673713684, -0.7010100483894348],
    [3.66163969039917, -1.6113700866699219, -0.7727766036987305],
    [4.6199870109558105, -0.7540929317474365, -0.7922593951225281],
    [5.083106994628906, -0.06711950898170471, -0.7134112119674683],
    [5.19590950012207, -0.3983999192714691, -0.6958834528923035],
    [5.082211494445801, 0.07499724626541138, -0.5908952355384827],
    [5.391138076782227, -0.35848933458328247, -0.5893651843070984],
    [8.430737495422363, 4.225554943084717, -0.5366072654724121],
    [6.385018348693848, -0.621445894241333, -0.6104781627655029],
    [10.15936279296875, 4.847458362579346, -0.3849506378173828],
    [7.30213737487793, 6.152133941650391, -0.4431331157684326],
    [10.613486289978027, 3.0939059257507324, -0.4516562223434448],
    [5.386456489562988, -1.2903761863708496, -0.6295260787010193],
    [5.285562992095947, -1.1234567165374756, -0.6152341365814209],
    [3.7562248706817627, -1.3491413593292236, -0.6197394132614136],
    [3.4110047817230225, -0.8236798048019409, -0.5733050107955933],
    [3.5029375553131104, -1.0608241558074951, -0.6970107555389404],
    [4.099510669708252, -1.0895365476608276, -0.7343169450759888],
    [4.279299259185791, -1.0807833671569824, -0.772693395614624],
    [4.762009143829346, -0.25592300295829773, -0.7047619223594666],
    [5.046356678009033, -0.5319141149520874, -0.6253729462623596],
    [5.041024208068848, -0.31230807304382324, -0.6193624138832092],
    [5.388206481933594, -0.3995927572250366, -0.5479338765144348],
    [5.9263458251953125, -0.4475317597389221, -0.5774583220481873],
    [7.086311340332031, -0.4240915775299072, -0.6299533247947693],
    [5.809338569641113, -1.7157725095748901, -0.5447612404823303],
    [6.338205814361572, -0.8144717216491699, -0.5466365218162537],
    [5.338031768798828, -1.2965583801269531, -0.6464543342590332],
    [5.461828231811523, -1.2158159017562866, -0.6026463508605957],
    [3.97745418548584, -1.4624812602996826, -0.6429453492164612],
    [3.7838735580444336, -1.1980947256088257, -0.5673475861549377],
    [3.8538661003112793, -0.7683240175247192, -0.5757364630699158],
    [3.952624559402466, -0.8444603681564331, -0.6224569082260132],
    [3.651270627975464, -0.8981204628944397, -0.6227352023124695],
    [3.9742586612701416, -1.1823608875274658, -0.7304327487945557],
    [3.8469865322113037, -0.8716106414794922, -0.6807096004486084],
    [4.059501647949219, -1.0062685012817383, -0.7225528955459595],
    [4.651804447174072, -0.41131043434143066, -0.7948136329650879],
    [4.645467281341553, -0.34756579995155334, -0.7521287202835083],
    [4.95914363861084, 0.32166340947151184, -0.6352983117103577],
    [4.89137077331543, -0.1358383595943451, -0.6458693742752075],
    [7.913688659667969, 3.9393553733825684, -0.4406590461730957],
    [6.082489490509033, -0.6421141624450684, -0.5667315721511841],
    [9.826055526733398, 5.152324676513672, -0.4714038670063019],
    [8.057650566101074, 6.08585262298584, -0.5484727621078491],
    [10.067678451538086, 3.0633695125579834, -0.6147481203079224],
    [5.33229923248291, -1.2950669527053833, -0.6651448011398315],
    [5.174604415893555, -1.109726905822754, -0.6139929294586182],
    [4.046164512634277, -1.2645624876022339, -0.4878227710723877],
    [3.8878824710845947, -0.43074288964271545, -0.5577526092529297],
    [3.8188605308532715, -0.24762901663780212, -0.5785021781921387],
    [3.592864513397217, -0.3417166769504547, -0.5808752179145813],
    [4.246723651885986, -0.15765318274497986, -0.6493169069290161],
    [3.6835663318634033, -0.4295429587364197, -0.6407414078712463],
    [4.061139106750488, -0.5008697509765625, -0.741443395614624],
    [4.48209285736084, -0.3014783263206482, -0.7107353806495667],
    [4.636483669281006, 0.05856049060821533, -0.5389872789382935],
    [4.817126750946045, -0.15681536495685577, -0.5778632760047913],
    [5.7423224449157715, -0.48878851532936096, -0.5233455300331116],
    [9.04196834564209, 4.433806896209717, -0.5389479994773865],
    [6.335434913635254, 4.425252437591553, -0.7287060618400574],
    [5.718433856964111, -1.0073561668395996, -0.6000767350196838],
    [5.360504150390625, -1.2617498636245728, -0.6720779538154602],
    [5.458352088928223, -1.1941301822662354, -0.6475651264190674],
    [4.056678295135498, -1.5137661695480347, -0.6200294494628906],
    [4.137513160705566, -1.2629340887069702, -0.5343340635299683],
    [4.048938274383545, -0.4797114431858063, -0.6659314036369324],
    [3.7588610649108887, -0.724737286567688, -0.6011519432067871],
    [3.8718674182891846, -0.4414985775947571, -0.5937513709068298],
    [3.804018974304199, -0.36773887276649475, -0.61745685338974],
    [3.461466073989868, -0.7195413112640381, -0.6888425946235657],
    [3.880807876586914, -0.49604859948158264, -0.6693234443664551],
    [3.9499194622039795, -0.837780237197876, -0.7459208965301514],
    [4.429752349853516, 0.0007392019033432007, -0.6927269101142883],
    [4.909804821014404, -0.17281311750411987, -0.6413143873214722],
    [7.990777015686035, 5.226668357849121, -0.5686972141265869],
    [5.4336066246032715, -0.5990412831306458, -0.5716707110404968],
    [9.261739730834961, 5.217374324798584, -0.5146480798721313],
    [9.235674858093262, 4.713002681732178, -0.6116324663162231],
    [9.906355857849121, 3.724817991256714, -0.656291663646698],
    [5.346327304840088, -1.35007905960083, -0.6664828658103943],
    [5.319847583770752, -1.2111517190933228, -0.5904214382171631],
    [4.1097092628479, -1.5090645551681519, -0.6045936346054077],
    [3.9023971557617188, -0.8793719410896301, -0.6879779696464539],
    [3.810945749282837, -1.3190398216247559, -0.6248766779899597],
    [4.044250965118408, -1.3606507778167725, -0.648077666759491],
    [4.605873107910156, -1.2037734985351562, -0.6921823024749756],
    [5.003715515136719, -0.2302026003599167, -0.6899570822715759],
    [5.309041976928711, -0.6023249626159668, -0.6560637950897217],
    [5.474483013153076, -0.5190196633338928, -0.6237486600875854],
    [6.350169658660889, -0.9085550308227539, -0.7038675546646118],
    [6.084952354431152, -1.713976263999939, -0.6482146382331848],
    [5.2529754638671875, -1.4888325929641724, -0.6357835531234741],
    [5.437750339508057, -1.3904199600219727, -0.687923789024353],
    [5.432992458343506, -1.236690878868103, -0.5998231768608093],
    [4.513876438140869, -1.5790209770202637, -0.6294618248939514],
    [4.386483192443848, -1.4759942293167114, -0.7591915726661682],
    [4.302236557006836, -1.6609280109405518, -0.756791889667511],
    [4.187862873077393, -1.8388644456863403, -0.6385076642036438],
    [4.255547046661377, -1.8868286609649658, -0.6285603642463684],
    [4.992836952209473, -1.7348966598510742, -0.6971282362937927],
    [5.662654399871826, -0.6444669365882874, -0.7387548089027405],
    [5.54714298248291, -1.2421725988388062, -0.7731391191482544],
    [5.74656343460083, -1.0714709758758545, -0.7277154922485352],
    [6.31587553024292, -1.4100472927093506, -0.7438310980796814],
    [6.101147651672363, -1.380839467048645, -0.7145793437957764],
    [6.184197902679443, -1.284623622894287, -0.7374362945556641],
    [5.463961601257324, -1.3751388788223267, -0.7089897990226746],
    [5.53007173538208, -1.5038386583328247, -0.6809120774269104],
    [3.9492132663726807, -1.5667012929916382, -0.5387037992477417],
    [4.183323383331299, -1.6248784065246582, -0.5611070394515991],
    [1.6274033784866333, -2.0088796615600586, -0.48734933137893677],
    [4.083890438079834, -1.7497990131378174, -0.5640432238578796],
    [1.4816477298736572, -2.2156217098236084, -0.5032759308815002],
    [3.6362013816833496, -1.2799636125564575, -0.5554422736167908],
    [2.2564914226531982, -1.7750334739685059, -0.5354669094085693],
    [1.5105146169662476, -1.939035177230835, -0.46384167671203613],
    [4.23566198348999, -1.1603631973266602, -0.5820814371109009],
    [3.6743268966674805, -1.7404993772506714, -0.5925299525260925],
    [5.0823540687561035, -1.2588313817977905, -0.6157091856002808],
    [5.215160369873047, -1.353348970413208, -0.6192882061004639],
    [4.20673942565918, -1.7717373371124268, -0.5660296678543091],
    [4.226042747497559, -1.6680908203125, -0.5262690186500549],
    [4.198498249053955, -1.5129674673080444, -0.5732260346412659],
    [4.14912223815918, -1.4669311046600342, -0.565019965171814],
    [4.1331400871276855, -1.329734444618225, -0.5632949471473694],
    [4.162938594818115, -1.2436091899871826, -0.5983332991600037],
    [4.294425010681152, -1.4047328233718872, -0.5718303322792053],
    [4.1455206871032715, -1.1748584508895874, -0.543049156665802],
    [4.291397571563721, -1.3559194803237915, -0.542175829410553],
    [3.7836127281188965, -1.3407429456710815, -0.5412214398384094],
    [3.553457498550415, -1.4215329885482788, -0.5708873271942139],
    [2.6472110748291016, -1.6680655479431152, -0.556878924369812],
    [3.0490152835845947, -1.6536509990692139, -0.5328643321990967],
    [2.365823268890381, -2.0159215927124023, -0.5333678722381592],
    [3.307779550552368, -1.9225269556045532, -0.5602617263793945],
    [3.811443328857422, -1.6565825939178467, -0.5805867910385132],
    [4.647244453430176, -2.111264228820801, -0.6086254119873047],
    [5.688183784484863, -1.172843337059021, -0.5812050104141235],
    [5.304673671722412, -1.402725100517273, -0.6628467440605164],
    [5.131354808807373, -1.4798011779785156, -0.563468873500824],
    [4.1116790771484375, -1.738282561302185, -0.5914872884750366],
    [4.071926116943359, -1.5356123447418213, -0.5388261079788208],
    [4.082172870635986, -1.5232248306274414, -0.5607142448425293],
    [4.042644500732422, -1.3049209117889404, -0.5521493554115295],
    [4.095033645629883, -1.4132394790649414, -0.6167854070663452],
    [3.95487904548645, -1.1290940046310425, -0.6016943454742432],
    [4.122830867767334, -1.4161370992660522, -0.5292508602142334],
    [3.926957845687866, -1.1307551860809326, -0.49761950969696045],
    [3.962855815887451, -1.4220607280731201, -0.5604842305183411],
    [3.8543620109558105, -1.1583645343780518, -0.5551786422729492],
    [3.5285556316375732, -1.2643433809280396, -0.5832569003105164],
    [3.5189502239227295, -0.879438579082489, -0.5972499847412109],
    [3.094194173812866, -1.4244866371154785, -0.5936688780784607],
    [2.8367319107055664, -1.2272671461105347, -0.5203961133956909],
    [3.126438617706299, -1.7564598321914673, -0.5585018992424011],
    [4.42434024810791, -1.281699776649475, -0.5936989188194275],
    [5.4263691902160645, -1.3037874698638916, -0.6547375917434692],
    [5.347386360168457, -1.290361762046814, -0.6308362483978271],
    [5.4768595695495605, -1.258812427520752, -0.5577054023742676],
    [4.0715460777282715, -1.7298481464385986, -0.5634608268737793],
    [4.19046688079834, -1.7132184505462646, -0.5749918222427368],
    [4.149744033813477, -1.6692898273468018, -0.5576480627059937],
    [4.018908977508545, -1.5362563133239746, -0.5822593569755554],
    [3.9109177589416504, -1.2822730541229248, -0.6158057451248169],
    [4.288049697875977, -1.0043002367019653, -0.5329399704933167],
    [4.155582427978516, -0.8018360733985901, -0.5338777303695679],
    [4.1261515617370605, -1.1087353229522705, -0.5670634508132935],
    [3.706775188446045, -0.9251697659492493, -0.5419572591781616],
    [3.724456548690796, -0.9176422953605652, -0.5990376472473145],
    [3.1825690269470215, -1.0307738780975342, -0.5615415573120117],
    [2.821566343307495, -1.4817063808441162, -0.5313310027122498],
    [2.42867374420166, -1.770297884941101, -0.4977497160434723],
    [3.132690906524658, -1.8371939659118652, -0.5135296583175659],
    [2.7846739292144775, -2.0626633167266846, -0.51820969581604],
    [4.39450740814209, -2.2521095275878906, -0.6225883960723877],
    [5.494394302368164, -1.3817492723464966, -0.6313421726226807],
    [5.412820339202881, -1.3581403493881226, -0.5931448936462402],
    [4.017478942871094, -2.012059211730957, -0.6095201373100281],
    [4.042614459991455, -1.8557854890823364, -0.583911120891571],
    [4.216371536254883, -1.6546517610549927, -0.568738579750061],
    [3.9838428497314453, -1.4715856313705444, -0.5227095484733582],
    [3.9272208213806152, -1.4843599796295166, -0.5335462689399719],
    [4.222095489501953, -1.0393942594528198, -0.521397590637207],
    [4.449171543121338, -0.5769178867340088, -0.547612726688385],
    [4.3217597007751465, -0.6995559334754944, -0.5287628769874573],
    [3.7824013233184814, -0.44841015338897705, -0.5919955372810364],
    [4.041129112243652, -0.6997264623641968, -0.5561256408691406],
    [3.8065998554229736, -0.562325656414032, -0.5114459991455078],
    [7.249250411987305, 0.8065074682235718, -0.5711464881896973],
    [3.381537914276123, -1.5862479209899902, -0.5778914093971252],
    [8.188008308410645, 1.1128573417663574, -0.6542887091636658],
    [5.493594169616699, -1.2888472080230713, -0.6008157134056091],
    [5.622918605804443, -1.2131035327911377, -0.6147687435150146],
    [3.9641127586364746, -2.197530746459961, -0.6617248058319092],
    [4.072657108306885, -2.1003305912017822, -0.6559095978736877],
    [4.198342800140381, -1.927517294883728, -0.5954344272613525],
    [4.196675777435303, -1.8789111375808716, -0.5963713526725769],
    [3.904921054840088, -1.6959089040756226, -0.5938716530799866],
    [4.197877883911133, -1.1610667705535889, -0.5165233016014099],
    [4.708930492401123, -1.000264048576355, -0.5536879301071167],
    [4.480201721191406, -0.6472263932228088, -0.5344170331954956],
    [4.950907230377197, -0.6889150142669678, -0.5830222368240356],
    [4.295361518859863, -0.26447510719299316, -0.5427299737930298],
    [4.75562047958374, -0.27682363986968994, -0.6048343777656555],
    [4.0811262130737305, -0.1981688141822815, -0.5196999907493591],
    [4.205532550811768, -0.7402000427246094, -0.5212756395339966],
    [5.26711368560791, -0.20793913304805756, -0.5329868793487549],
    [4.633862495422363, -0.9889432191848755, -0.5200784206390381],
    [6.721138954162598, 0.030277475714683533, -0.5362597703933716],
    [5.083984851837158, -2.1004276275634766, -0.5202386379241943],
    [7.438742637634277, -0.30947092175483704, -0.5508961081504822],
    [5.636765480041504, -1.311440348625183, -0.6703152060508728],
    [5.604202747344971, -1.2482587099075317, -0.5948548316955566],
    [3.633559465408325, -2.239589214324951, -0.6742295026779175],
    [3.8246984481811523, -2.074503183364868, -0.6553494930267334],
    [3.8995425701141357, -1.8140802383422852, -0.6761074662208557],
    [3.675739288330078, -1.766412377357483, -0.5889659523963928],
    [3.9624669551849365, -1.5200464725494385, -0.6479204893112183],
    [4.0609540939331055, -1.2782020568847656, -0.5833733677864075],
    [4.396505355834961, -0.9566747546195984, -0.5925853848457336],
    [4.527705669403076, -0.7780440449714661, -0.5450654029846191],
    [5.172466278076172, -0.40603622794151306, -0.6057029962539673],
    [4.571089744567871, -0.106528639793396, -0.5793399810791016],
    [4.572397232055664, -0.34653717279434204, -0.5572574734687805],
    [5.906610012054443, -0.44736504554748535, -0.5291135907173157],
    [6.232009410858154, -0.8043543696403503, -0.5512377023696899],
    [5.607931137084961, -1.1641626358032227, -0.6366984844207764],
    [5.709130764007568, -1.0545134544372559, -0.6438631415367126],
    [3.727911949157715, -2.290303945541382, -0.6744779944419861],
    [3.9409072399139404, -2.336578845977783, -0.6702658534049988],
    [3.8698947429656982, -2.1448769569396973, -0.6784795522689819],
    [4.082064628601074, -2.199308156967163, -0.5900250673294067],
    [3.863487482070923, -2.1949033737182617, -0.6858742833137512],
    [4.66598653793335, -1.1051273345947266, -0.6746259927749634],
    [4.734017848968506, -0.9005820751190186, -0.6345769166946411],
    [4.838039398193359, -0.5951128602027893, -0.5307724475860596],
    [5.3628926277160645, -0.6449905633926392, -0.6076593399047852],
    [4.7657904624938965, -0.2296975553035736, -0.5713167190551758],
    [5.381776809692383, -0.3799791932106018, -0.617089569568634],
    [4.594658851623535, 0.0365571603178978, -0.5378167033195496],
    [5.060314178466797, -0.45406293869018555, -0.5920782089233398],
    [6.840433597564697, 1.9889614582061768, -0.48412927985191345],
    [5.256499290466309, -0.8498775959014893, -0.5519505143165588],
    [6.704218864440918, -0.17653733491897583, -0.382589191198349],
    [7.456636428833008, -0.5569936037063599, -0.5591450929641724],
    [5.638208389282227, -1.1692981719970703, -0.6404603719711304],
    [5.675508499145508, -1.0914928913116455, -0.6347494721412659],
    [3.409118175506592, -2.215404748916626, -0.6717799305915833],
    [3.5932726860046387, -2.264375925064087, -0.6188318729400635],
    [3.436553955078125, -2.422942876815796, -0.6955320239067078],
    [3.2542262077331543, -2.5199289321899414, -0.6190268397331238],
    [3.82561993598938, -2.120025634765625, -0.7042135000228882],
    [3.916414737701416, -1.5663713216781616, -0.6625586748123169],
    [4.638702392578125, -0.9738153219223022, -0.716966986656189],
    [4.654967784881592, -0.6126925945281982, -0.5604826211929321],
    [5.3050336837768555, -0.4266219437122345, -0.6039670705795288],
    [5.043337821960449, -0.05948483943939209, -0.5968797206878662],
    [4.6218180656433105, -0.3957121670246124, -0.5586404800415039],
    [7.754965782165527, 1.7776299715042114, -0.45996594429016113],
    [5.565191745758057, -0.5095840692520142, -0.5318436622619629],
    [7.3391947746276855, 0.5686416625976562, -0.5861573219299316],
    [5.615755081176758, -0.955095648765564, -0.6161149740219116],
    [3.508686065673828, -1.902406930923462, -0.6766329407691956],
    [3.4624483585357666, -2.2671165466308594, -0.564762532711029],
    [3.673076629638672, -2.323084592819214, -0.536138117313385],
    [3.7294602394104004, -2.538203001022339, -0.5480514764785767],
    [3.8792505264282227, -2.627291679382324, -0.6845040917396545],
    [4.483455181121826, -1.5163013935089111, -0.6795688271522522],
    [4.648908615112305, -0.9930189847946167, -0.6940990090370178],
    [4.928022861480713, -0.5288911461830139, -0.6194077730178833],
    [4.902438640594482, -0.6576344966888428, -0.6215477585792542],
    [4.8962321281433105, -0.31727108359336853, -0.588307797908783],
    [5.5566511154174805, -0.2436443716287613, -0.6709496378898621],
    [4.894639015197754, -0.04516976326704025, -0.5473190546035767],
    [5.156259536743164, -0.36893218755722046, -0.6544937491416931],
    [6.90557336807251, 1.7744249105453491, -0.5292823314666748],
    [5.577716827392578, -0.5105794668197632, -0.5194398760795593],
    [7.963331699371338, 1.8089812994003296, -0.40668338537216187],
    [6.601043701171875, 0.20348717272281647, -0.42232778668403625],
    [8.062540054321289, 1.066965103149414, -0.45672816038131714],
    [5.579308986663818, -1.1018950939178467, -0.6426312923431396],
    [5.512761116027832, -1.0667839050292969, -0.644859254360199],
    [3.3967771530151367, -1.635668158531189, -0.6264036297798157],
    [3.330915927886963, -1.7917917966842651, -0.5639371871948242],
    [3.148927927017212, -2.095668077468872, -0.5702100396156311],
    [3.061796188354492, -2.1838929653167725, -0.5258553624153137],
    [3.8709893226623535, -2.1798722743988037, -0.7066678404808044],
    [3.284834623336792, -1.9600040912628174, -0.7500903606414795],
    [4.249792098999023, -1.3126323223114014, -0.7819601893424988],
    [4.289631366729736, -0.9973397254943848, -0.6998497247695923],
    [4.310276031494141, -0.6592845916748047, -0.6840981841087341],
    [4.942410469055176, -0.5457310676574707, -0.621457576751709],
    [5.328366756439209, -0.0798887088894844, -0.6082790493965149],
    [5.287498950958252, -0.13796260952949524, -0.602851152420044],
    [6.540064334869385, -0.12771177291870117, -0.4314345717430115],
    [6.500307083129883, -0.6591085195541382, -0.5299478769302368],
    [5.431474208831787, -1.1783934831619263, -0.6009365320205688],
    [5.538254737854004, -1.0643616914749146, -0.5997136235237122],
    [3.389103412628174, -1.5040361881256104, -0.627143919467926],
    [3.244429588317871, -1.7507861852645874, -0.6044229865074158],
    [3.260823965072632, -1.6956020593643188, -0.5776170492172241],
    [3.3699653148651123, -2.1542835235595703, -0.551164984703064],
    [3.84360408782959, -2.4604978561401367, -0.7143195271492004],
    [3.9386918544769287, -1.7877836227416992, -0.7605983018875122],
    [4.2178778648376465, -1.5619094371795654, -0.7922605872154236],
    [4.913251876831055, -0.7610211968421936, -0.7060369849205017],
    [4.929848670959473, -0.6282454133033752, -0.6806941032409668],
    [5.225594520568848, -0.2679902911186218, -0.6407510638237],
    [5.326295375823975, -0.3486316204071045, -0.6333156824111938],
    [5.079872131347656, -0.13310760259628296, -0.5505181550979614],
    [5.420577049255371, -0.2826809585094452, -0.6495236158370972],
    [8.446375846862793, 3.8027403354644775, -0.49531471729278564],
    [6.4702982902526855, -0.35794439911842346, -0.571173906326294],
    [9.186166763305664, 3.541410446166992, -0.33618515729904175],
    [6.597920894622803, 0.700698971748352, -0.4333001971244812],
    [8.973830223083496, 1.8965564966201782, -0.40835028886795044],
    [5.4382147789001465, -1.1523537635803223, -0.6310374140739441],
    [5.361086845397949, -1.102146029472351, -0.6298075914382935],
    [3.4345667362213135, -1.3768060207366943, -0.6477937698364258],
    [3.46791672706604, -1.4411242008209229, -0.5946640968322754],
    [3.223348379135132, -1.3759851455688477, -0.5839176774024963],
    [3.177192449569702, -1.5753577947616577, -0.5804101228713989],
    [3.8928818702697754, -1.9172768592834473, -0.712466299533844],
    [3.4629509449005127, -1.6912808418273926, -0.7170758247375488],
    [3.963756561279297, -1.7547301054000854, -0.8360222578048706],
    [3.7862753868103027, -1.3660914897918701, -0.7120097279548645],
    [4.454407215118408, -0.8826632499694824, -0.741530179977417],
    [5.117176532745361, -0.4031909108161926, -0.6384549140930176],
    [5.374516487121582, -0.325404554605484, -0.568813681602478],
    [5.632761478424072, -0.05783132091164589, -0.569502592086792],
    [6.235593795776367, -0.5408061146736145, -0.5014685392379761],
    [7.242453575134277, 0.051737502217292786, -0.48256516456604004],
    [5.391510486602783, -1.203363060951233, -0.5986122488975525],
    [3.656982421875, -1.3913007974624634, -0.6794565320014954],
    [3.4420924186706543, -1.3019897937774658, -0.6313550472259521],
    [3.40073823928833, -1.0991491079330444, -0.5730460286140442],
    [3.3825085163116455, -1.2942185401916504, -0.608476459980011],
    [3.685737371444702, -1.676385521888733, -0.7077128887176514],
    [3.60422945022583, -1.545844316482544, -0.775887131690979],
    [4.050945281982422, -1.784525752067566, -0.7635048627853394],
    [4.34297513961792, -1.1762138605117798, -0.7609309554100037],
    [4.759407043457031, -0.6632322072982788, -0.752798318862915],
    [5.176720142364502, -0.18152034282684326, -0.6726186275482178],
    [5.2204108238220215, -0.2039801925420761, -0.6448822617530823],
    [5.132845401763916, 0.012076262384653091, -0.5062417984008789],
    [5.435980319976807, -0.28393974900245667, -0.5474502444267273],
    [8.225116729736328, 3.3715083599090576, -0.4916326403617859],
    [6.535837173461914, -0.6026776432991028, -0.5758875012397766],
    [10.169318199157715, 4.041383743286133, -0.39688563346862793],
    [7.8929853439331055, 1.2452105283737183, -0.520010232925415],
    [10.404535293579102, 2.839247703552246, -0.46200311183929443],
    [5.3563551902771, -1.1715593338012695, -0.6254184246063232],
    [5.285394668579102, -1.102146863937378, -0.6204535961151123],
    [3.7643446922302246, -1.5881505012512207, -0.6565905809402466],
    [3.7273550033569336, -1.3580018281936646, -0.6106939315795898],
    [3.335876703262329, -1.0434837341308594, -0.6278318166732788],
    [3.2436563968658447, -0.8453952670097351, -0.57989501953125],
    [4.023534774780273, -1.004279613494873, -0.683594286441803],
    [3.3958208560943604, -1.0171358585357666, -0.6837330460548401],
    [4.0017619132995605, -1.2632348537445068, -0.7584797143936157],
    [3.423949956893921, -1.31473970413208, -0.7076968550682068],
    [4.140796184539795, -0.8613225221633911, -0.7336631417274475],
    [4.376704216003418, -0.6529606580734253, -0.7209798097610474],
    [4.877026557922363, -0.32026222348213196, -0.6826103329658508],
    [5.042177677154541, -0.25049492716789246, -0.5526949763298035],
    [5.366329193115234, -0.2938649356365204, -0.49218058586120605],
    [6.993935585021973, -0.38172945380210876, -0.5894155502319336],
    [6.264102935791016, -0.8266695737838745, -0.5358291864395142],
    [5.358617305755615, -1.272853970527649, -0.6169283390045166],
    [3.96890926361084, -1.4208747148513794, -0.6252769827842712],
    [3.68670654296875, -1.2378358840942383, -0.567142128944397],
    [3.693678617477417, -0.7453098297119141, -0.5942501425743103],
    [3.67032790184021, -0.8311452269554138, -0.5860798358917236],
    [3.7519218921661377, -0.9335983395576477, -0.6082021594047546],
    [3.5124850273132324, -0.9605216979980469, -0.6371445059776306],
    [3.8416335582733154, -1.3952767848968506, -0.7383824586868286],
    [3.7280731201171875, -0.9672199487686157, -0.6966943740844727],
    [3.963803291320801, -1.102898359298706, -0.7150179147720337],
    [4.790725231170654, -0.3145958185195923, -0.7700639963150024],
    [4.849742889404297, -0.17580346763134003, -0.6917774081230164],
    [5.0340576171875, 0.26210519671440125, -0.5624018907546997],
    [4.972746849060059, -0.02632221207022667, -0.5879456996917725],
    [7.857254981994629, 3.3728880882263184, -0.4235021471977234],
    [6.19090461730957, -0.6529617309570312, -0.5500487685203552],
    [9.96388053894043, 4.699178218841553, -0.4658237099647522],
    [8.866270065307617, 0.985661506652832, -0.5986458659172058],
    [10.010563850402832, 2.1319589614868164, -0.5909051895141602],
    [5.296812057495117, -1.1958975791931152, -0.6676023006439209],
    [5.159426212310791, -1.1216206550598145, -0.6191185116767883],
    [3.8641278743743896, -1.4889090061187744, -0.5656338930130005],
    [4.041641712188721, -1.2208049297332764, -0.4843508005142212],
    [3.8286314010620117, -0.925500750541687, -0.575833797454834],
    [3.8738512992858887, -0.4428035616874695, -0.5647561550140381],
    [3.740236520767212, -0.4584277272224426, -0.5762962102890015],
    [3.471212148666382, -0.3117002844810486, -0.5577331781387329],
    [3.953819513320923, -0.5029948353767395, -0.6803027391433716],
    [3.5446317195892334, -0.5170449018478394, -0.6573969721794128],
    [3.626816987991333, -0.684231698513031, -0.6963807940483093],
    [3.391113519668579, -0.9052618741989136, -0.6907256245613098],
    [4.243522644042969, -0.4022231996059418, -0.7113049030303955],
    [4.37180757522583, -0.08173628896474838, -0.6724105477333069],
    [4.786224842071533, -0.03540316969156265, -0.509488046169281],
    [6.3393659591674805, -0.6984230279922485, -0.6194434762001038],
    [5.673713684082031, -0.9276309609413147, -0.5862289667129517],
    [5.371270656585693, -1.229063868522644, -0.6515111923217773],
    [4.035525321960449, -1.4745742082595825, -0.6125656962394714],
    [4.074801445007324, -1.2115287780761719, -0.5135686993598938],
    [3.8559672832489014, -0.8213602900505066, -0.638569712638855],
    [3.990426540374756, -0.5467215776443481, -0.667999804019928],
    [3.724795341491699, -0.7702715396881104, -0.6992536187171936],
    [3.695244789123535, -0.7285110950469971, -0.5938480496406555],
    [3.5893304347991943, -0.8167581558227539, -0.6122881174087524],
    [3.7250967025756836, -0.6123671531677246, -0.6277134418487549],
    [3.458461284637451, -0.9585505723953247, -0.684954047203064],
    [4.130520343780518, -0.6253768801689148, -0.631123960018158],
    [3.9154131412506104, -0.6796680688858032, -0.7273502945899963],
    [4.4832377433776855, -0.1737748682498932, -0.6556137204170227],
    [4.868053913116455, 0.06108833849430084, -0.5965111255645752],
    [7.79557466506958, 4.016280174255371, -0.4971768856048584],
    [5.48045539855957, -0.6041964292526245, -0.532638669013977],
    [9.277702331542969, 4.5236639976501465, -0.5043678879737854],
    [8.919028282165527, -0.5989246368408203, -0.570417046546936],
    [9.765522003173828, 3.317978858947754, -0.6645475625991821],
    [5.317322731018066, -1.2542104721069336, -0.6650174856185913],
    [5.293365478515625, -1.199607253074646, -0.5906767249107361],
    [4.086857318878174, -1.6507630348205566, -0.583166241645813],
    [4.107804298400879, -1.4080305099487305, -0.5928769111633301],
    [3.7148985862731934, -1.5282058715820312, -0.6432203054428101],
    [3.884608745574951, -0.7314794659614563, -0.6687074899673462],
    [3.5229272842407227, -1.0412399768829346, -0.6846320629119873],
    [3.8333380222320557, -0.8458909392356873, -0.6674060821533203],
    [3.4307942390441895, -1.103084683418274, -0.6232967376708984],
    [3.7943220138549805, -1.0484066009521484, -0.6256482005119324],
    [3.4766499996185303, -0.9636961221694946, -0.6830826997756958],
    [4.00694465637207, -1.0824624300003052, -0.6406632661819458],
    [3.9298861026763916, -1.1063851118087769, -0.6794841289520264],
    [4.629091262817383, -0.8869616985321045, -0.6782816648483276],
    [5.0998077392578125, -0.1716260462999344, -0.6916681528091431],
    [5.216249465942383, -0.3454151153564453, -0.6420431733131409],
    [6.317528247833252, -0.7332724928855896, -0.6775261759757996],
    [5.957383155822754, -1.5770293474197388, -0.6401726007461548],
    [5.154567718505859, -1.4743108749389648, -0.6337214112281799],
    [5.423327445983887, -1.3814343214035034, -0.6757282614707947],
    [5.368226051330566, -1.2662864923477173, -0.6030157804489136],
    [4.443216800689697, -1.8783992528915405, -0.6335752010345459],
    [4.489336967468262, -1.6180800199508667, -0.6344219446182251],
    [4.420307159423828, -1.7006007432937622, -0.6726540327072144],
    [4.2792649269104, -1.497182011604309, -0.7608340978622437],
    [4.204742908477783, -1.6764081716537476, -0.7349944710731506],
    [4.22932243347168, -1.7013429403305054, -0.7689591646194458],
    [4.190644264221191, -1.7392382621765137, -0.6786510348320007],
    [4.131518363952637, -1.772449254989624, -0.6490889191627502],
    [4.050240516662598, -1.7290887832641602, -0.610028088092804],
    [4.23512077331543, -1.8148136138916016, -0.6476051807403564],
    [4.484618663787842, -1.5391126871109009, -0.6627172827720642],
    [4.953106880187988, -1.4971896409988403, -0.7172268629074097],
    [5.648053169250488, -0.4184563457965851, -0.7381802201271057],
    [5.551235198974609, -0.966037392616272, -0.766253650188446],
    [5.7402424812316895, -0.9364347457885742, -0.7125608921051025],
    [6.263953685760498, -1.4005155563354492, -0.7327566146850586],
    [6.001734733581543, -1.4691219329833984, -0.6971918344497681],
    [6.07765531539917, -1.3286923170089722, -0.7271825075149536],
    [5.4317426681518555, -1.379571557044983, -0.6963725686073303],
    [5.479104518890381, -1.4808056354522705, -0.6778827905654907]
]
