[
    [4.588128566741943, -2.02152681350708, -0.6618584990501404],
    [5.574697017669678, -1.4862759113311768, -0.6123037934303284],
    [5.130131721496582, -1.4767874479293823, -0.6312626004219055],
    [5.167790412902832, -1.3857160806655884, -0.5814487934112549],
    [4.070796966552734, -1.9531395435333252, -0.5612016916275024],
    [3.9809975624084473, -2.080904006958008, -0.5474352240562439],
    [4.033473014831543, -2.0904159545898438, -0.5517345070838928],
    [4.048308849334717, -1.9561799764633179, -0.5618980526924133],
    [4.311758041381836, -1.9640378952026367, -0.5652530789375305],
    [5.819408893585205, -1.6405971050262451, -0.6254409551620483],
    [4.795313835144043, 1.8363120555877686, -0.65621417760849],
    [3.06917142868042, 0.9306298494338989, -0.550128161907196],
    [7.044497489929199, -1.8497740030288696, -0.5956224799156189],
    [5.219013690948486, -1.7101212739944458, -0.6131888031959534],
    [5.043285846710205, -1.66548752784729, -0.533635139465332],
    [6.507659435272217, -1.237799882888794, -0.6420109272003174],
    [7.575026035308838, -1.2462581396102905, -0.6571224927902222],
    [7.821390628814697, -1.0165960788726807, -0.6583463549613953],
    [5.260000228881836, -1.5740623474121094, -0.5848987102508545],
    [3.827817440032959, -2.1519293785095215, -0.5952190160751343],
    [4.114642143249512, -2.1211891174316406, -0.5780372619628906],
    [3.913797378540039, -2.1730241775512695, -0.5621312260627747],
    [3.868877649307251, -2.168661594390869, -0.552044153213501],
    [4.027710437774658, -1.9210138320922852, -0.5686832070350647],
    [6.216414928436279, -1.3407329320907593, -0.6567734479904175],
    [6.231106758117676, -1.402258276939392, -0.634196937084198],
    [6.3860015869140625, -1.1626002788543701, -0.6263112425804138],
    [6.506350517272949, 3.359285831451416, -0.7168006300926208],
    [3.8653171062469482, 2.2884676456451416, -0.5226653218269348],
    [9.660124778747559, -0.4368031322956085, -0.6868168115615845],
    [5.139655590057373, -1.7482963800430298, -0.6399514675140381],
    [5.216291427612305, -1.886049747467041, -0.5983276963233948],
    [4.330291748046875, -1.9270778894424438, -0.5277801752090454],
    [6.193962097167969, -1.4793567657470703, -0.5619124174118042],
    [9.775568008422852, 0.01932525634765625, -0.6526812314987183],
    [7.124350070953369, 3.6186747550964355, -0.6295866966247559],
    [9.113810539245605, -0.2800576388835907, -0.688326358795166],
    [5.146602153778076, -1.6029630899429321, -0.644684910774231],
    [3.887617826461792, -2.111046075820923, -0.6101753115653992],
    [4.3917317390441895, -1.8352055549621582, -0.5888441205024719],
    [4.807438373565674, -1.7944066524505615, -0.6461127400398254],
    [6.4862260818481445, -1.3570802211761475, -0.6101139187812805],
    [6.081848621368408, -1.375475525856018, -0.5344970226287842],
    [8.152483940124512, 4.432387351989746, -0.6589915156364441],
    [7.507843494415283, 3.7724413871765137, -0.6218061447143555],
    [12.52506160736084, 1.0853137969970703, -0.6675692796707153],
    [5.042197227478027, -1.6614865064620972, -0.6414476037025452],
    [6.13530158996582, -1.4654525518417358, -0.6786949038505554],
    [4.680738925933838, -1.9040625095367432, -0.5541406869888306],
    [8.902711868286133, -0.3706652522087097, -0.5767626166343689],
    [7.407782077789307, -1.2104692459106445, -0.5745729207992554],
    [7.429006099700928, -0.9224774837493896, -0.570016086101532],
    [5.323801517486572, -1.6196446418762207, -0.6239124536514282],
    [3.7369349002838135, -2.040208101272583, -0.6490393877029419],
    [4.319417476654053, -2.4393718242645264, -0.4499583840370178],
    [5.115336894989014, -1.7897573709487915, -0.469182550907135],
    [5.268157482147217, -1.693886399269104, -0.6367411613464355],
    [8.834259033203125, -0.20732097327709198, -0.5727442502975464],
    [5.67053747177124, -1.4311370849609375, -0.5011284351348877],
    [12.880117416381836, 2.276352882385254, -0.6384797692298889],
    [10.098669052124023, 5.3281731605529785, -0.5799824595451355],
    [13.601819038391113, 1.8861603736877441, -0.545267641544342],
    [5.313136577606201, -1.647092342376709, -0.6541377305984497],
    [7.104574680328369, -1.171863317489624, -0.6772474646568298],
    [12.015098571777344, 3.0668888092041016, -0.6114933490753174],
    [10.270846366882324, 6.173189163208008, -0.6452568769454956],
    [8.661599159240723, -0.23346386849880219, -0.6510736346244812],
    [5.17195987701416, -1.5234510898590088, -0.6818896532058716],
    [5.280882835388184, -1.5257631540298462, -0.6068946123123169],
    [3.784095525741577, -1.8527369499206543, -0.6770493388175964],
    [3.751652717590332, -2.0374715328216553, -0.6588770747184753],
    [5.127402305603027, -2.328563690185547, -0.5990286469459534],
    [5.304559707641602, -1.8674166202545166, -0.5149011015892029],
    [9.287208557128906, -0.3365902304649353, -0.5989364981651306],
    [14.557497024536133, 4.423990726470947, -0.6514501571655273],
    [11.598235130310059, 7.114029407501221, -0.6032751202583313],
    [14.536213874816895, 2.981410503387451, -0.5995311737060547],
    [5.3785400390625, -1.5001211166381836, -0.6644917726516724],
    [7.387756824493408, -1.042136788368225, -0.7432311177253723],
    [4.1783952713012695, -1.6512731313705444, -0.6563236117362976],
    [8.43331527709961, -0.9423283338546753, -0.6552874445915222],
    [8.001799583435059, -0.9036089777946472, -0.5429285168647766],
    [7.094919681549072, -1.0842483043670654, -0.5807290077209473],
    [5.220242977142334, -1.4602751731872559, -0.6129782199859619],
    [3.955167531967163, -1.6585972309112549, -0.6735783815383911],
    [4.307367324829102, -1.9309577941894531, -0.6071050763130188],
    [4.51254415512085, -1.5468873977661133, -0.598878026008606],
    [4.363892555236816, -1.8273779153823853, -0.5959622859954834],
    [4.709757328033447, -1.7588233947753906, -0.6216445565223694],
    [6.826850414276123, 4.08023738861084, -0.692480742931366],
    [15.04782772064209, 5.697028160095215, -0.7334296703338623],
    [11.3120756149292, 7.78008508682251, -0.5899617075920105],
    [14.82574462890625, 3.759249448776245, -0.6195022463798523],
    [5.379920959472656, -1.4894700050354004, -0.6025059223175049],
    [7.356470108032227, -0.9855227470397949, -0.6880698800086975],
    [4.500247001647949, -1.5719934701919556, -0.6620069146156311],
    [4.24887228012085, -1.6262035369873047, -0.5994404554367065],
    [4.07910680770874, -1.6366331577301025, -0.5263410806655884],
    [10.513238906860352, 6.702425956726074, -0.7119508981704712],
    [9.13846492767334, 5.329397201538086, -0.6982108950614929],
    [7.116225242614746, -1.116712212562561, -0.6347382068634033],
    [5.320834159851074, -1.4226388931274414, -0.6057942509651184],
    [4.293542385101318, -1.5815142393112183, -0.6805675625801086],
    [4.146366119384766, -1.7393494844436646, -0.6113265752792358],
    [3.697791814804077, -1.4606006145477295, -0.5643775463104248],
    [3.7409963607788086, -1.551530122756958, -0.5399811267852783],
    [4.180598735809326, -1.539419174194336, -0.6268789172172546],
    [5.104240894317627, 3.344982147216797, -0.5601419806480408],
    [4.401608943939209, -1.7417123317718506, -0.5703979730606079],
    [15.234810829162598, 5.51125955581665, -0.6883125305175781],
    [13.345918655395508, 7.578396797180176, -0.6782870888710022],
    [14.997848510742188, 3.758737087249756, -0.7085906267166138],
    [5.361687660217285, -1.3875606060028076, -0.6226384043693542],
    [6.74351167678833, -1.1150628328323364, -0.633307933807373],
    [4.576396942138672, -1.5794211626052856, -0.6385456323623657],
    [4.370506763458252, -1.5215305089950562, -0.6180903911590576],
    [3.743988513946533, -1.2673850059509277, -0.5080406069755554],
    [3.4113945960998535, -1.0644495487213135, -0.7094951868057251],
    [4.447214126586914, -1.6473667621612549, -0.5437577962875366],
    [7.354722499847412, -1.1252862215042114, -0.5451275110244751],
    [7.6838579177856445, -1.3622148036956787, -0.6007153391838074],
    [5.809061527252197, -1.4919899702072144, -0.5982348918914795],
    [5.274798393249512, -1.4825868606567383, -0.6593313813209534],
    [5.35605001449585, -1.3511769771575928, -0.6483356356620789],
    [4.431876182556152, -1.5023460388183594, -0.623471200466156],
    [3.9073221683502197, -1.2876110076904297, -0.48183006048202515],
    [3.8529434204101562, -0.8469550609588623, -0.5113899111747742],
    [3.525536060333252, -0.8222890496253967, -0.5475113987922668],
    [4.08200740814209, -0.867100179195404, -0.5526697039604187],
    [3.5999159812927246, -1.0511219501495361, -0.599126398563385],
    [3.752237319946289, -1.1115071773529053, -0.5756276249885559],
    [3.3723740577697754, -1.2496968507766724, -0.5317883491516113],
    [4.1435675621032715, -1.694190263748169, -0.569240391254425],
    [4.420358180999756, 2.7412073612213135, -0.5860587954521179],
    [4.467174530029297, -1.5673304796218872, -0.5881730914115906],
    [14.271851539611816, 3.222860336303711, -0.7597147822380066],
    [12.594877243041992, 7.239022254943848, -0.7073153257369995],
    [12.582723617553711, 1.0607725381851196, -0.6470645070075989],
    [5.355675220489502, -1.4829645156860352, -0.6950985193252563],
    [5.339566707611084, -1.5636926889419556, -0.6870342493057251],
    [4.4636640548706055, -1.441907286643982, -0.5825903415679932],
    [4.4300217628479, -1.2930500507354736, -0.5108762979507446],
    [4.214269638061523, -0.8237256407737732, -0.48406344652175903],
    [4.0162272453308105, -0.2369086593389511, -0.4933324158191681],
    [4.319667816162109, 0.1324518918991089, -0.5494115948677063],
    [4.068704128265381, 0.06621107459068298, -0.49978622794151306],
    [3.7045950889587402, 0.032378487288951874, -0.5357030630111694],
    [9.535847663879395, 5.298272132873535, -0.6539924740791321],
    [7.65662145614624, 4.335812568664551, -0.6554661989212036],
    [4.997427463531494, -1.9413810968399048, -0.6280325651168823],
    [5.4750494956970215, -1.5154412984848022, -0.6502072215080261],
    [4.3321919441223145, -1.4634488821029663, -0.6064712405204773],
    [4.503851890563965, -1.4198764562606812, -0.5260370969772339],
    [4.421877861022949, -0.802474319934845, -0.6084964275360107],
    [4.266121864318848, -0.9902416467666626, -0.6070235967636108],
    [3.797092914581299, -0.8624938726425171, -0.532013475894928],
    [4.022590160369873, -0.555824339389801, -0.6430240869522095],
    [4.014890193939209, -0.6670259833335876, -0.5915876626968384],
    [3.627192974090576, -0.6307947635650635, -0.553211510181427],
    [4.045077323913574, -0.24969610571861267, -0.5591435432434082],
    [4.4132280349731445, -1.358511209487915, -0.6209273338317871],
    [12.354571342468262, 2.0263195037841797, -0.6597793698310852],
    [10.815561294555664, 6.271373271942139, -0.7202975153923035],
    [11.122400283813477, 0.3746648132801056, -0.7232997417449951],
    [5.392176628112793, -1.6253056526184082, -0.6920351386070251],
    [5.5031914710998535, -1.6005502939224243, -0.6454285979270935],
    [4.573166847229004, -1.6314185857772827, -0.5970855355262756],
    [4.560094833374023, -1.4600722789764404, -0.6119204163551331],
    [4.335723400115967, -1.0653610229492188, -0.6606214046478271],
    [3.9388890266418457, -1.043579339981079, -0.6058818101882935],
    [3.8203680515289307, -1.0335719585418701, -0.6570895910263062],
    [3.7795825004577637, -0.9853528738021851, -0.6039584279060364],
    [1.8037059307098389, 2.0239017009735107, -0.6220425367355347],
    [4.152211666107178, -1.6518771648406982, -0.6531341671943665],
    [5.817998886108398, 0.44772547483444214, -0.6504395604133606],
    [6.257818698883057, -1.8186452388763428, -0.6488421559333801],
    [5.083942413330078, -1.8458539247512817, -0.5939012169837952],
    [5.361522197723389, -1.58883798122406, -0.5936112999916077],
    [4.511018753051758, -1.754704475402832, -0.690937876701355],
    [4.272205829620361, -1.961958885192871, -0.733525276184082],
    [4.137126445770264, -2.068589210510254, -0.7062387466430664],
    [4.113795280456543, -2.09417724609375, -0.7002505660057068],
    [4.145998477935791, -2.0854239463806152, -0.6997619271278381],
    [3.570570230484009, 0.3702787160873413, -0.6907135844230652],
    [6.45834493637085, -1.8783448934555054, -0.68300861120224],
    [6.429970741271973, -1.6802324056625366, -0.6586351990699768],
    [6.45025634765625, -1.634775161743164, -0.731728196144104],
    [5.406387805938721, -1.6167759895324707, -0.7052286863327026],
    [5.444167137145996, -1.6958435773849487, -0.6797961592674255],
    [4.12769889831543, -1.8226139545440674, -0.5625203847885132],
    [3.798508405685425, -1.7172133922576904, -0.5332640409469604],
    [3.9885056018829346, -1.7028106451034546, -0.5616810917854309],
    [1.8706316947937012, -2.22943377494812, -0.4785187542438507],
    [2.1921472549438477, -2.2733583450317383, -0.46604999899864197],
    [4.060753345489502, -1.8779377937316895, -0.5211687684059143],
    [1.4930505752563477, -2.2487130165100098, -0.48769983649253845],
    [3.7406601905822754, -1.8702776432037354, -0.5822203159332275],
    [1.3371938467025757, -2.3670217990875244, -0.5234206318855286],
    [4.62400484085083, -1.9200003147125244, -0.6363189220428467],
    [4.396737575531006, -1.923055648803711, -0.5914929509162903],
    [5.568880558013916, -1.383849859237671, -0.6110045313835144],
    [5.149664402008057, -1.4010530710220337, -0.6061477661132812],
    [4.136722087860107, -1.8641990423202515, -0.5655015110969543],
    [4.120723247528076, -1.774711012840271, -0.5251190662384033],
    [3.919055938720703, -1.6937223672866821, -0.5618748068809509],
    [4.014210224151611, -1.9245033264160156, -0.5657978653907776],
    [4.071352005004883, -1.959835171699524, -0.5168795585632324],
    [3.9694907665252686, -2.014216184616089, -0.5311123132705688],
    [4.1417741775512695, -2.0697972774505615, -0.5155789852142334],
    [4.008939743041992, -2.0403010845184326, -0.5433321595191956],
    [3.9801204204559326, -1.9279990196228027, -0.5186604261398315],
    [4.012892723083496, -1.9220186471939087, -0.537108302116394],
    [4.022731304168701, -1.9487360715866089, -0.56153404712677],
    [4.253625869750977, -1.9217957258224487, -0.555461585521698],
    [4.053591251373291, -2.0110175609588623, -0.5540066957473755],
    [5.803206443786621, -1.6612913608551025, -0.6226701736450195],
    [5.181766510009766, -1.6467795372009277, -0.6268215179443359],
    [6.299569129943848, -1.968557357788086, -0.6016572713851929],
    [3.9173812866210938, -2.387854814529419, -0.5110117793083191],
    [6.675751686096191, -1.748831033706665, -0.5893390774726868],
    [5.166062355041504, -1.5845905542373657, -0.6128929853439331],
    [5.013776779174805, -1.703287124633789, -0.5494216680526733],
    [3.8816983699798584, -1.953491449356079, -0.5787881016731262],
    [3.889564037322998, -1.7332507371902466, -0.536522388458252],
    [3.8162119388580322, -1.6987786293029785, -0.5634395480155945],
    [3.950482130050659, -1.666396975517273, -0.5444895625114441],
    [3.9830965995788574, -2.045635461807251, -0.5692682266235352],
    [3.944648027420044, -1.9282702207565308, -0.513569712638855],
    [4.043054580688477, -2.219423770904541, -0.5475807785987854],
    [4.0329413414001465, -1.9088276624679565, -0.5509080290794373],
    [4.213822364807129, -2.2318332195281982, -0.5670048594474792],
    [4.099211692810059, -1.921305775642395, -0.5617291927337646],
    [4.1880693435668945, -2.1197996139526367, -0.577390193939209],
    [4.147972583770752, -1.9369076490402222, -0.5649889707565308],
    [4.290087699890137, -1.9212150573730469, -0.5656635761260986],
    [4.323586463928223, -1.9711288213729858, -0.640557587146759],
    [6.2534332275390625, -1.4407076835632324, -0.6386284828186035],
    [7.314270496368408, -1.3257101774215698, -0.6236570477485657],
    [4.440722465515137, -2.3179681301116943, -0.513108491897583],
    [7.638070106506348, -1.080621600151062, -0.6459881067276001],
    [5.1238861083984375, -1.6928120851516724, -0.601750373840332],
    [5.211869239807129, -1.5063223838806152, -0.5745521187782288],
    [3.803292751312256, -2.1052260398864746, -0.588740885257721],
    [3.716153144836426, -1.981322169303894, -0.5599212646484375],
    [3.71510910987854, -1.8256789445877075, -0.5931227803230286],
    [4.025815486907959, -2.1685235500335693, -0.5690211057662964],
    [3.841012716293335, -2.181839942932129, -0.5462555885314941],
    [3.810208559036255, -2.1790339946746826, -0.5430389642715454],
    [3.7466678619384766, -2.2092690467834473, -0.5576938390731812],
    [3.8387320041656494, -2.127875328063965, -0.543829619884491],
    [3.998012065887451, -1.9567216634750366, -0.5314987897872925],
    [3.9929211139678955, -1.902336835861206, -0.5495544075965881],
    [4.247448921203613, -1.798404574394226, -0.5456050038337708],
    [6.202945232391357, -1.3447539806365967, -0.6228792071342468],
    [4.245840549468994, -1.9547264575958252, -0.5478276610374451],
    [6.184229850769043, -1.3473929166793823, -0.5921977758407593],
    [6.365077495574951, -1.1503067016601562, -0.6296522617340088],
    [8.961064338684082, -0.7741789221763611, -0.7078176736831665],
    [5.559632778167725, -2.07157039642334, -0.5600351095199585],
    [9.280537605285645, -0.6727254390716553, -0.6714006662368774],
    [5.12821626663208, -1.6494920253753662, -0.6227970123291016],
    [5.182294845581055, -1.7997874021530151, -0.6185846328735352],
    [3.9294075965881348, -2.1090548038482666, -0.5740702152252197],
    [3.9104249477386475, -1.9232113361358643, -0.568327784538269],
    [3.812655210494995, -1.998382329940796, -0.5757997035980225],
    [3.75984263420105, -2.0965263843536377, -0.5412570834159851],
    [3.5577168464660645, -2.1437110900878906, -0.4831690788269043],
    [3.530582904815674, -2.1481223106384277, -0.47039860486984253],
    [3.6011369228363037, -2.1454105377197266, -0.5398905277252197],
    [3.7624590396881104, -2.042208671569824, -0.560673713684082],
    [3.9622089862823486, -1.6114426851272583, -0.5545192360877991],
    [4.164165496826172, -1.6774474382400513, -0.5222073197364807],
    [4.400837421417236, -1.7150464057922363, -0.5407659411430359],
    [4.352019309997559, -1.7194569110870361, -0.5693822503089905],
    [4.190760612487793, -1.8465120792388916, -0.6027909517288208],
    [4.303304195404053, -1.8758463859558105, -0.5193657279014587],
    [6.055359363555908, -1.4465227127075195, -0.5598668456077576],
    [9.388300895690918, -0.1345553696155548, -0.6154971122741699],
    [8.84888744354248, -0.2861827611923218, -0.6945471167564392],
    [4.953377723693848, -1.7107311487197876, -0.604127049446106],
    [5.14082145690918, -1.5469677448272705, -0.6433252692222595],
    [3.8361268043518066, -2.1114511489868164, -0.6148131489753723],
    [3.7884693145751953, -2.2153069972991943, -0.6033888459205627],
    [3.577784776687622, -2.078050136566162, -0.6570123434066772],
    [3.877051830291748, -2.3665201663970947, -0.5679972767829895],
    [3.468946695327759, -2.2763824462890625, -0.5264016389846802],
    [3.439814567565918, -2.2031314373016357, -0.4143320322036743],
    [3.5804710388183594, -2.1871447563171387, -0.4989739656448364],
    [3.7144157886505127, -2.026679754257202, -0.5413584113121033],
    [4.03425407409668, -1.945596694946289, -0.5581231117248535],
    [4.310646057128906, -1.7734298706054688, -0.5250919461250305],
    [4.88975191116333, -1.5810577869415283, -0.533786952495575],
    [4.717520713806152, -1.726698637008667, -0.5595551133155823],
    [4.422792911529541, -1.7723088264465332, -0.5511358380317688],
    [6.409615993499756, -1.3669921159744263, -0.556435763835907],
    [6.084753036499023, -1.3171778917312622, -0.5488876700401306],
    [10.389917373657227, 0.2556738555431366, -0.609079897403717],
    [8.852094650268555, -0.636309027671814, -0.6234685182571411],
    [11.905481338500977, 0.7943922877311707, -0.6444624066352844],
    [5.016294479370117, -1.6254637241363525, -0.6315809488296509],
    [6.098788261413574, -1.4029333591461182, -0.6770598888397217],
    [3.8594419956207275, -1.9712424278259277, -0.6368750333786011],
    [3.6652426719665527, -2.0276145935058594, -0.6265699863433838],
    [3.455271005630493, -2.2216172218322754, -0.6901585459709167],
    [3.3075926303863525, -2.4062631130218506, -0.6021765470504761],
    [3.1567962169647217, -2.3740687370300293, -0.6450539827346802],
    [3.2064058780670166, -2.4512405395507812, -0.5146258473396301],
    [3.645339250564575, -2.096045732498169, -0.48068907856941223],
    [3.726132392883301, -2.2612905502319336, -0.4776421785354614],
    [4.253086566925049, -2.1016619205474854, -0.5087977647781372],
    [4.384641647338867, -1.9232008457183838, -0.4872058928012848],
    [4.996944904327393, -1.5059144496917725, -0.5476902723312378],
    [4.891128063201904, -1.5635795593261719, -0.5442553162574768],
    [4.724284648895264, -1.7965314388275146, -0.5766573548316956],
    [4.6585187911987305, -1.86776602268219, -0.5270780920982361],
    [5.682149887084961, -1.6485660076141357, -0.5490411520004272],
    [8.695822715759277, -0.43136337399482727, -0.561222493648529],
    [7.2649407386779785, -0.9747523069381714, -0.5539476871490479],
    [5.23634672164917, -1.6914393901824951, -0.651706874370575],
    [5.266138553619385, -1.561506748199463, -0.6083150506019592],
    [3.718561887741089, -2.0093905925750732, -0.6475688815116882],
    [3.6331634521484375, -2.3134782314300537, -0.6388724446296692],
    [3.257652521133423, -2.2030351161956787, -0.6824883818626404],
    [3.675391674041748, -2.5482466220855713, -0.6188049912452698],
    [3.0220067501068115, -2.448195219039917, -0.6127092838287354],
    [3.5175986289978027, -2.4950132369995117, -0.5192288756370544],
    [3.578549385070801, -2.2788472175598145, -0.5290334820747375],
    [4.08052396774292, -2.2545413970947266, -0.4635083079338074],
    [4.403362274169922, -2.2227864265441895, -0.5341636538505554],
    [4.975757598876953, -1.6025700569152832, -0.46488532423973083],
    [5.135837554931641, -1.3956698179244995, -0.5583716630935669],
    [5.188853740692139, -1.4218131303787231, -0.5815956592559814],
    [4.606245517730713, -1.5666344165802002, -0.5746259093284607],
    [8.63188648223877, -0.10080654919147491, -0.5301021337509155],
    [5.585689544677734, -1.4578731060028076, -0.4746849238872528],
    [12.50173568725586, 1.8087632656097412, -0.6050845384597778],
    [10.176050186157227, 0.40574929118156433, -0.5703083276748657],
    [12.974900245666504, 1.340564489364624, -0.5453808307647705],
    [5.259062767028809, -1.5489251613616943, -0.650496780872345],
    [7.00475549697876, -1.1627991199493408, -0.6737214922904968],
    [3.8454973697662354, -1.8819892406463623, -0.6618609428405762],
    [3.720001459121704, -1.951755404472351, -0.6236952543258667],
    [3.509091377258301, -2.2061233520507812, -0.6109083890914917],
    [3.2912189960479736, -2.634589195251465, -0.6193678379058838],
    [3.0109541416168213, -2.4909157752990723, -0.6535834670066833],
    [3.184816598892212, -2.452301263809204, -0.6889357566833496],
    [3.844959020614624, -2.0754432678222656, -0.6200626492500305],
    [3.890226364135742, -2.153106927871704, -0.5812395215034485],
    [4.461458206176758, -1.880987286567688, -0.5201393365859985],
    [4.629347324371338, -1.7738248109817505, -0.513049840927124],
    [5.083615303039551, -1.3921774625778198, -0.5103690028190613],
    [4.9993743896484375, -1.5316903591156006, -0.6080257296562195],
    [4.553003787994385, -1.742265224456787, -0.49744051694869995],
    [5.577421188354492, -1.6997933387756348, -0.5196581482887268],
    [8.521687507629395, -0.25535809993743896, -0.6462345123291016],
    [5.164475440979004, -1.5326257944107056, -0.6488137245178223],
    [5.225852966308594, -1.4670041799545288, -0.5996444821357727],
    [3.7466416358947754, -1.8704572916030884, -0.6697474718093872],
    [3.6955459117889404, -2.08264422416687, -0.6650567054748535],
    [3.3341479301452637, -2.008014678955078, -0.6142763495445251],
    [3.2201037406921387, -2.3542182445526123, -0.5894467830657959],
    [2.9206154346466064, -2.2295374870300293, -0.5719114542007446],
    [2.9722437858581543, -2.3379406929016113, -0.6949772834777832],
    [3.6872498989105225, -2.36446475982666, -0.7012133598327637],
    [3.837293863296509, -2.208040714263916, -0.7257142066955566],
    [4.32181453704834, -2.1777076721191406, -0.6246221661567688],
    [5.058084011077881, -1.787460207939148, -0.6017845869064331],
    [4.972358703613281, -1.4811298847198486, -0.5892719626426697],
    [5.157066345214844, -1.5592559576034546, -0.5118937492370605],
    [4.667379379272461, -1.736411213874817, -0.5800915360450745],
    [8.773502349853516, -0.38573959469795227, -0.6013106107711792],
    [5.199072360992432, -1.6171354055404663, -0.590596616268158],
    [14.20356559753418, 3.658489227294922, -0.6668168306350708],
    [11.880468368530273, 1.4156453609466553, -0.6143247485160828],
    [14.116934776306152, 2.636035442352295, -0.6106478571891785],
    [5.325361728668213, -1.4068350791931152, -0.6626503467559814],
    [7.286498069763184, -1.0423892736434937, -0.7380220293998718],
    [4.107605934143066, -1.630139946937561, -0.6612827181816101],
    [3.980222225189209, -1.706037163734436, -0.6281143426895142],
    [3.8973381519317627, -1.863182544708252, -0.7070645093917847],
    [3.1264798641204834, -2.258303165435791, -0.6181468963623047],
    [2.4424238204956055, -2.4938740730285645, -0.6032663583755493],
    [2.6663098335266113, -2.4867842197418213, -0.6745996475219727],
    [2.7055704593658447, -2.5993902683258057, -0.779011607170105],
    [3.2318410873413086, -2.2058682441711426, -0.7395530343055725],
    [3.8804898262023926, -2.257312297821045, -0.7177460789680481],
    [3.901890516281128, -1.9308189153671265, -0.5729051232337952],
    [4.534054756164551, -1.5925393104553223, -0.5792599320411682],
    [4.439396858215332, -1.5490236282348633, -0.5471196174621582],
    [4.6128830909729, -1.4737398624420166, -0.5977044105529785],
    [4.345147132873535, -1.7496182918548584, -0.5631763935089111],
    [4.489043235778809, -1.981103777885437, -0.6074140071868896],
    [6.878169536590576, -1.1553632020950317, -0.5783763527870178],
    [5.1414899826049805, -1.4495278596878052, -0.6337715983390808],
    [5.194543361663818, -1.411769151687622, -0.6034941673278809],
    [3.7754030227661133, -1.957878589630127, -0.6078163385391235],
    [3.6553351879119873, -1.695905327796936, -0.5782435536384583],
    [3.166658401489258, -1.9866325855255127, -0.6183043122291565],
    [2.8591573238372803, -1.8760695457458496, -0.5672848224639893],
    [2.891011953353882, -2.1040802001953125, -0.668872058391571],
    [3.4031741619110107, -2.21144962310791, -0.6548004150390625],
    [3.5091066360473633, -1.9739452600479126, -0.6898458003997803],
    [3.7384450435638428, -2.1348164081573486, -0.6523573398590088],
    [4.0514726638793945, -1.7220336198806763, -0.6580301523208618],
    [4.391678333282471, -1.5695207118988037, -0.6276894807815552],
    [4.323552131652832, -1.5522880554199219, -0.6528443098068237],
    [4.662379741668701, -1.779300332069397, -0.6395100355148315],
    [4.425086975097656, -2.0503251552581787, -0.653579592704773],
    [14.695976257324219, 5.197317123413086, -0.7739328145980835],
    [12.05413818359375, 1.6787089109420776, -0.6157198548316956],
    [14.337596893310547, 2.9762794971466064, -0.6094130873680115],
    [5.342146873474121, -1.3400548696517944, -0.6040153503417969],
    [7.240654468536377, -0.985888659954071, -0.6831915974617004],
    [4.443411827087402, -1.5753651857376099, -0.6729162931442261],
    [4.194869518280029, -1.6103286743164062, -0.5900440812110901],
    [4.031864166259766, -1.7069281339645386, -0.543003261089325],
    [3.509052038192749, -1.8144994974136353, -0.5984619855880737],
    [2.906446695327759, -1.5635977983474731, -0.6530815958976746],
    [3.086874485015869, -1.524375081062317, -0.6951441764831543],
    [3.0698211193084717, -1.9240164756774902, -0.6077018976211548],
    [3.304694890975952, -1.4687203168869019, -0.5755648016929626],
    [3.5593578815460205, -1.6741536855697632, -0.5642988681793213],
    [3.64033579826355, -1.4399466514587402, -0.5763302445411682],
    [4.314056873321533, -1.2957532405853271, -0.655916154384613],
    [4.192061901092529, -1.4126678705215454, -0.6698377728462219],
    [4.3853559494018555, -1.8761115074157715, -0.6598547697067261],
    [4.203851699829102, -1.7647696733474731, -0.6087276339530945],
    [4.251537322998047, -1.9854907989501953, -0.6922598481178284],
    [11.13557243347168, 0.6516363024711609, -0.7706148028373718],
    [6.953648090362549, -0.9987484812736511, -0.6216145753860474],
    [5.192755222320557, -1.5401337146759033, -0.6316059231758118],
    [5.259048938751221, -1.362630844116211, -0.5977169871330261],
    [4.276340484619141, -1.5850411653518677, -0.6717207431793213],
    [4.129064559936523, -1.8105807304382324, -0.6164838671684265],
    [3.913994312286377, -1.461540937423706, -0.5559366941452026],
    [3.471137285232544, -1.659818172454834, -0.5545026659965515],
    [3.2795207500457764, -1.4941637516021729, -0.6391494274139404],
    [2.906715154647827, -1.6775535345077515, -0.754331111907959],
    [3.589568853378296, -2.1083457469940186, -0.6969530582427979],
    [3.332951307296753, -1.7054119110107422, -0.6754162907600403],
    [3.5483603477478027, -1.7057543992996216, -0.5336552262306213],
    [3.522268533706665, -1.4977315664291382, -0.5911530256271362],
    [3.8110413551330566, -1.706130862236023, -0.6682531833648682],
    [3.8889129161834717, -1.7360905408859253, -0.6659770607948303],
    [4.371150016784668, -1.8183387517929077, -0.6056605577468872],
    [4.333599090576172, -1.8639092445373535, -0.5858303904533386],
    [14.623858451843262, 4.344793796539307, -0.7266350388526917],
    [12.022039413452148, 1.7400933504104614, -0.6984655857086182],
    [14.474181175231934, 3.235269069671631, -0.745098352432251],
    [5.301344394683838, -1.1972906589508057, -0.6322908401489258],
    [6.685821533203125, -1.0764929056167603, -0.6342499852180481],
    [4.538401126861572, -1.601745843887329, -0.6342408657073975],
    [4.342998504638672, -1.4924566745758057, -0.6094610095024109],
    [4.03752326965332, -1.521465539932251, -0.563550591468811],
    [3.5278656482696533, -1.3773280382156372, -0.5321630239486694],
    [3.190103054046631, -1.1101893186569214, -0.6038121581077576],
    [3.0467400550842285, -1.1876747608184814, -0.6815165281295776],
    [2.892673969268799, -1.447644829750061, -0.7019357681274414],
    [3.0064704418182373, -1.154516577720642, -0.6290464997291565],
    [3.1611270904541016, -1.3676587343215942, -0.5969252586364746],
    [3.2394680976867676, -1.3953641653060913, -0.5328500270843506],
    [3.540485382080078, -1.7089800834655762, -0.5990500450134277],
    [3.723921537399292, -1.629709005355835, -0.6531569957733154],
    [4.024526119232178, -1.6217013597488403, -0.617901623249054],
    [4.086304664611816, -1.571572184562683, -0.5313175916671753],
    [4.354970932006836, -1.7292003631591797, -0.5790820717811584],
    [7.231482982635498, -1.6024011373519897, -0.6390929222106934],
    [5.65824031829834, -1.4758023023605347, -0.6096703410148621],
    [5.289242744445801, -1.4629298448562622, -0.6280592083930969],
    [5.324607849121094, -1.306236743927002, -0.6441683769226074],
    [4.269628524780273, -1.564050316810608, -0.5397101640701294],
    [4.172680377960205, -1.1374168395996094, -0.5532112121582031],
    [3.7854206562042236, -1.269464373588562, -0.4690549671649933],
    [3.5931341648101807, -0.9269885420799255, -0.49669158458709717],
    [3.3499820232391357, -0.9087734222412109, -0.504642903804779],
    [3.632277250289917, -0.9825846552848816, -0.5285901427268982],
    [3.168117046356201, -1.0464155673980713, -0.617993175983429],
    [3.455509662628174, -1.343536138534546, -0.6141180396080017],
    [3.147890090942383, -1.3980302810668945, -0.5951841473579407],
    [3.5051491260528564, -1.7105226516723633, -0.566280722618103],
    [2.3839738368988037, -2.346123695373535, -0.6180813312530518],
    [4.113701343536377, -1.6879180669784546, -0.5929220914840698],
    [4.451197624206543, -1.5704478025436401, -0.5997288227081299],
    [13.851160049438477, 2.7763373851776123, -0.7294566631317139],
    [11.865937232971191, 0.9304689168930054, -0.7298707365989685],
    [12.168033599853516, 0.8132925629615784, -0.6638074517250061],
    [5.319607734680176, -1.3330868482589722, -0.6968153119087219],
    [5.336333751678467, -1.4779225587844849, -0.6864235997200012],
    [4.411279201507568, -1.4659080505371094, -0.5755318403244019],
    [4.44100284576416, -1.238182783126831, -0.500055193901062],
    [4.4301629066467285, -1.0453890562057495, -0.5741190910339355],
    [4.133661270141602, -0.7266759872436523, -0.5072084665298462],
    [4.05758810043335, -0.46083176136016846, -0.514253556728363],
    [3.8042662143707275, -0.24726662039756775, -0.43176957964897156],
    [4.159939765930176, -0.03039608895778656, -0.5071424245834351],
    [3.3761963844299316, -0.38960880041122437, -0.6011310815811157],
    [3.1970832347869873, -0.8552926778793335, -0.5931657552719116],
    [3.52848482131958, -1.2077821493148804, -0.6291943192481995],
    [3.331388235092163, -1.4676525592803955, -0.6012481451034546],
    [3.6741721630096436, -1.4473967552185059, -0.5888522267341614],
    [4.4363932609558105, -1.454110026359558, -0.5821496248245239],
    [9.900388717651367, -0.11195862293243408, -0.6809685826301575],
    [7.15796422958374, -1.6706547737121582, -0.6546537280082703],
    [4.9173784255981445, -1.843186855316162, -0.65330570936203],
    [5.401187419891357, -1.6304242610931396, -0.6749581098556519],
    [5.436867713928223, -1.5061088800430298, -0.6501439809799194],
    [4.298688888549805, -1.4331624507904053, -0.6021917462348938],
    [4.506937503814697, -1.4252370595932007, -0.5249050855636597],
    [4.367035865783691, -0.8406320214271545, -0.6133609414100647],
    [4.251438617706299, -1.0249733924865723, -0.6007922887802124],
    [3.9657323360443115, -0.8860400319099426, -0.5866457223892212],
    [3.7919135093688965, -0.7160794734954834, -0.5051639676094055],
    [3.922333002090454, -0.5380522012710571, -0.5863562822341919],
    [3.8064792156219482, -0.5448426008224487, -0.5553930997848511],
    [3.424748659133911, -0.7290852069854736, -0.540912926197052],
    [3.6724853515625, -0.7275278568267822, -0.55597323179245],
    [3.3811213970184326, -1.0564382076263428, -0.5761069059371948],
    [3.8270263671875, -1.6897176504135132, -0.5997859239578247],
    [4.3630194664001465, -1.3261888027191162, -0.5993766784667969],
    [11.919365882873535, 1.4584181308746338, -0.6680101156234741],
    [10.570286750793457, 0.3576938211917877, -0.6991137862205505],
    [10.704655647277832, 0.04679868370294571, -0.7217722535133362],
    [5.349720001220703, -1.5411990880966187, -0.6899898648262024],
    [5.484667778015137, -1.5314124822616577, -0.6347638964653015],
    [4.507061004638672, -1.6118519306182861, -0.5836235880851746],
    [4.542799949645996, -1.380507230758667, -0.6001468896865845],
    [4.386606693267822, -1.3891695737838745, -0.6164822578430176],
    [4.298232078552246, -0.9727839827537537, -0.6445315480232239],
    [3.8222122192382812, -1.151147484779358, -0.6701140999794006],
    [3.9113094806671143, -0.8364062905311584, -0.5749868154525757],
    [3.6030983924865723, -1.0126129388809204, -0.6521050333976746],
    [3.794891595840454, -0.8232501745223999, -0.6012270450592041],
    [3.200524091720581, -0.9591548442840576, -0.644969642162323],
    [3.8103084564208984, -0.9125138521194458, -0.5884634852409363],
    [3.017470359802246, -1.2374354600906372, -0.5822386741638184],
    [3.9817776679992676, -1.215022087097168, -0.6337107419967651],
    [2.2541961669921875, -2.4356727600097656, -0.5883294343948364],
    [4.2203826904296875, -1.4381688833236694, -0.6191055774688721],
    [3.6165690422058105, -1.7942951917648315, -0.6452450156211853],
    [5.614963531494141, -1.9002376794815063, -0.6570440530776978],
    [6.108063220977783, -1.6926836967468262, -0.655053973197937],
    [4.951258659362793, -1.7904982566833496, -0.6062800884246826],
    [5.33349609375, -1.6098493337631226, -0.6802363991737366],
    [5.290398120880127, -1.5775132179260254, -0.6028306484222412],
    [4.7650885581970215, -1.832892656326294, -0.6441220641136169],
    [4.644421100616455, -1.674429178237915, -0.6388206481933594],
    [4.643716335296631, -1.510833501815796, -0.6736679077148438],
    [4.435022354125977, -1.7370328903198242, -0.6955340504646301],
    [4.414491176605225, -1.6639835834503174, -0.7368015050888062],
    [4.217625617980957, -1.8097847700119019, -0.7350465059280396],
    [4.3783159255981445, -1.7266132831573486, -0.7050339579582214],
    [4.11098051071167, -1.833548665046692, -0.6873383522033691],
    [4.061182975769043, -1.8924428224563599, -0.6729238033294678],
    [4.0782856941223145, -1.9901952743530273, -0.7118899822235107],
    [4.26113748550415, -2.058551788330078, -0.6463667750358582],
    [4.163283824920654, -2.204054594039917, -0.7038967609405518],
    [4.60884952545166, -2.3650481700897217, -0.6834558844566345],
    [4.686252117156982, -1.6894975900650024, -0.7005023956298828],
    [6.325429916381836, -1.8434962034225464, -0.6909484267234802],
    [6.234776496887207, -1.6415759325027466, -0.6474556922912598],
    [5.356456279754639, -1.5952867269515991, -0.6846102476119995],
    [5.4053215980529785, -1.6021528244018555, -0.6745712161064148]
]
