[
    [4.949019432067871, -2.031536817550659, -0.6539102792739868],
    [6.325290203094482, -1.5588170289993286, -0.6778751015663147],
    [5.036204814910889, -1.7327066659927368, -0.6615925431251526],
    [5.014612674713135, -1.62808096408844, -0.5911925435066223],
    [4.199864387512207, -2.0706474781036377, -0.599789559841156],
    [4.172337532043457, -2.249269485473633, -0.5368123650550842],
    [4.199796199798584, -2.3185973167419434, -0.5545660257339478],
    [4.349573135375977, -2.1843957901000977, -0.6390578746795654],
    [6.3302202224731445, -1.5071485042572021, -0.6919543147087097],
    [5.995837211608887, 2.789306879043579, -0.6796301603317261],
    [8.410503387451172, -1.6468840837478638, -0.7602136731147766],
    [4.980988025665283, -1.9315887689590454, -0.6495651602745056],
    [4.9406352043151855, -1.9717038869857788, -0.6117868423461914],
    [6.022430896759033, -1.4586235284805298, -0.6411402821540833],
    [8.237485885620117, -1.3142727613449097, -0.734860360622406],
    [8.769187927246094, -0.9968264102935791, -0.7271344661712646],
    [5.154548168182373, -1.8067600727081299, -0.5790876746177673],
    [4.160838603973389, -2.310431957244873, -0.5694426894187927],
    [4.143143653869629, -2.2797842025756836, -0.5379580855369568],
    [6.396542549133301, -1.7640353441238403, -0.6815624833106995],
    [6.162201881408691, -1.785950779914856, -0.7229931354522705],
    [7.360454559326172, 3.42659854888916, -0.6823579668998718],
    [5.190880298614502, 2.9091219902038574, -0.6174299716949463],
    [10.67310905456543, -0.5509793758392334, -0.785060703754425],
    [5.008131504058838, -1.8085417747497559, -0.6312441229820251],
    [6.263296127319336, -1.8302427530288696, -0.635077953338623],
    [10.048888206481934, -0.7294148206710815, -0.7603341341018677],
    [7.76696252822876, 3.815004825592041, -0.6553975939750671],
    [9.20975112915039, -0.7985050678253174, -0.6622928977012634],
    [5.086367130279541, -1.7435137033462524, -0.6127722263336182],
    [4.135503768920898, -2.216808557510376, -0.5477954149246216],
    [4.220890522003174, -2.138258218765259, -0.558180570602417],
    [4.4164814949035645, -2.070384979248047, -0.6460632681846619],
    [6.2290754318237305, -1.7904373407363892, -0.6792851686477661],
    [9.129828453063965, 4.233890533447266, -0.6416612267494202],
    [9.061399459838867, 4.175297737121582, -0.668674886226654],
    [13.181281089782715, 0.3975908160209656, -0.7906464338302612],
    [4.947277069091797, -1.755516529083252, -0.6668096780776978],
    [6.650955677032471, -1.5010215044021606, -0.6473563313484192],
    [4.446462631225586, -2.128786563873291, -0.526199460029602],
    [8.476813316345215, -1.1618623733520508, -0.5912023782730103],
    [8.217305183410645, -1.1818524599075317, -0.5926897525787354],
    [6.746731758117676, -1.3011360168457031, -0.5922728180885315],
    [5.119692802429199, -1.691457986831665, -0.6374981999397278],
    [4.282073497772217, -2.182530164718628, -0.5674753189086914],
    [4.443916320800781, -2.187594175338745, -0.5657458305358887],
    [9.303811073303223, -0.8162181377410889, -0.6482633352279663],
    [15.392224311828613, 1.5272505283355713, -0.667920708656311],
    [12.182336807250977, 5.60038948059082, -0.6599379181861877],
    [14.798608779907227, 1.1420180797576904, -0.7441504001617432],
    [5.123333930969238, -1.7234939336776733, -0.6555427312850952],
    [6.921090602874756, -1.4659185409545898, -0.6464363932609558],
    [3.9343526363372803, -2.754392385482788, -0.7133625149726868],
    [11.901050567626953, 5.5431742668151855, -0.6955729722976685],
    [12.667082786560059, 6.183708667755127, -0.7249064445495605],
    [8.767005920410156, -1.0622773170471191, -0.6643305420875549],
    [5.040192127227783, -1.696929931640625, -0.6161530613899231],
    [3.7865326404571533, -2.0183730125427246, -0.637027382850647],
    [3.9106011390686035, -2.2986910343170166, -0.5661764144897461],
    [4.369765758514404, -2.225313901901245, -0.5499302744865417],
    [8.847185134887695, -1.0407092571258545, -0.6143659353256226],
    [17.290864944458008, 3.260385751724243, -0.7301458120346069],
    [14.663308143615723, 7.202674388885498, -0.7579103708267212],
    [16.250431060791016, 2.3145813941955566, -0.7936024069786072],
    [5.060078144073486, -1.772490382194519, -0.6080499291419983],
    [7.148289680480957, -1.4734747409820557, -0.6104138493537903],
    [8.633210182189941, -0.9326209425926208, -0.6872879862785339],
    [9.450737953186035, -0.6709249019622803, -0.6151124238967896],
    [7.05905818939209, -1.318505048751831, -0.6537001729011536],
    [5.054858207702637, -1.7834830284118652, -0.5474764704704285],
    [3.6539697647094727, -1.8964359760284424, -0.6296296715736389],
    [4.275036334991455, -2.1569173336029053, -0.5467434525489807],
    [7.14771842956543, 4.215068817138672, -0.6646493077278137],
    [17.82817268371582, 3.940544605255127, -0.7570185661315918],
    [15.916590690612793, 7.861833095550537, -0.812669575214386],
    [16.21861457824707, 2.6070876121520996, -0.7862353324890137],
    [5.007889270782471, -1.7288389205932617, -0.597042441368103],
    [6.402044773101807, -1.4835959672927856, -0.6022104024887085],
    [12.023054122924805, 6.115589141845703, -0.6583821177482605],
    [10.727701187133789, 5.227318286895752, -0.7658170461654663],
    [6.020658016204834, -1.17831289768219, -0.6094725728034973],
    [5.218808174133301, -1.5634920597076416, -0.62589430809021],
    [3.795950174331665, -1.8331990242004395, -0.6454634666442871],
    [4.034660339355469, -2.0539071559906006, -0.6034146547317505],
    [4.035824298858643, -1.872848629951477, -0.5609642267227173],
    [3.90394926071167, -1.8162646293640137, -0.5534155964851379],
    [4.179072856903076, -1.9991041421890259, -0.489548921585083],
    [4.2649946212768555, 2.8882193565368652, -0.5764876008033752],
    [16.54329490661621, 3.086017608642578, -0.7510735392570496],
    [15.48536205291748, 7.645710468292236, -0.6631474494934082],
    [14.791037559509277, 1.467463493347168, -0.7745413780212402],
    [5.129336833953857, -1.6677812337875366, -0.601760983467102],
    [5.071276664733887, -1.754036784172058, -0.6113200187683105],
    [3.6903204917907715, -1.6183236837387085, -0.6544451117515564],
    [7.860686779022217, -1.023235559463501, -0.5933056473731995],
    [8.019575119018555, -0.7564847469329834, -0.5489513874053955],
    [5.063631057739258, -1.5300300121307373, -0.6236305832862854],
    [5.046604156494141, -1.6196588277816772, -0.6426985263824463],
    [3.790221929550171, -1.6015124320983887, -0.6019530296325684],
    [3.808279514312744, -1.374752163887024, -0.5573151111602783],
    [4.279551029205322, -1.3736670017242432, -0.5725744366645813],
    [4.239048957824707, -1.4218491315841675, -0.5857732892036438],
    [4.300793647766113, -1.3777883052825928, -0.6249281764030457],
    [4.460155487060547, -1.452103853225708, -0.6564807295799255],
    [4.095387935638428, -1.639140248298645, -0.6278445720672607],
    [4.388836860656738, 3.09138560295105, -0.6525691747665405],
    [14.963918685913086, 1.466761589050293, -0.6015432476997375],
    [14.886223793029785, 6.372128963470459, -0.6974208354949951],
    [12.88453197479248, 0.4475254416465759, -0.7321208715438843],
    [5.178849220275879, -1.6589016914367676, -0.7467706799507141],
    [5.210716724395752, -1.5371559858322144, -0.6911149024963379],
    [4.134189128875732, -0.7569022178649902, -0.4991340637207031],
    [4.507255554199219, -0.7371243238449097, -0.5646721124649048],
    [4.255680084228516, -0.7770804166793823, -0.582682728767395],
    [10.327715873718262, 4.892866611480713, -0.7036095857620239],
    [8.853805541992188, 4.548675060272217, -0.6262323260307312],
    [4.993067741394043, -1.6280838251113892, -0.6160050630569458],
    [5.269890785217285, -1.5685936212539673, -0.658869743347168],
    [3.9834232330322266, -1.6725722551345825, -0.5994925498962402],
    [4.096655368804932, -1.4600385427474976, -0.5294091105461121],
    [4.236607551574707, -1.2037384510040283, -0.5085890293121338],
    [4.291460990905762, -1.123044729232788, -0.6332038640975952],
    [4.484787940979004, -1.048561930656433, -0.6039066910743713],
    [4.470569610595703, -1.163204312324524, -0.5965688824653625],
    [4.191749095916748, -1.069258451461792, -0.6072052121162415],
    [3.7514493465423584, 1.5724549293518066, -0.6053622364997864],
    [4.580610275268555, -1.9083607196807861, -0.5809178948402405],
    [13.313612937927246, 0.7446408271789551, -0.7091759443283081],
    [12.5847749710083, 5.698468208312988, -0.638893723487854],
    [11.915483474731445, 0.06247369945049286, -0.7041208148002625],
    [5.1534528732299805, -1.6659454107284546, -0.6246829628944397],
    [5.28065824508667, -1.540587067604065, -0.6466153264045715],
    [4.202425956726074, -1.6168467998504639, -0.5925779342651367],
    [4.0875725746154785, -1.279668927192688, -0.6222550272941589],
    [4.08244514465332, -1.4248303174972534, -0.6091716289520264],
    [4.3719868659973145, -1.617142677307129, -0.6613020896911621],
    [2.1300623416900635, 2.0373501777648926, -0.6353036165237427],
    [2.5018253326416016, 2.2109296321868896, -0.5918415784835815],
    [6.11726188659668, -1.8133314847946167, -0.6161430478096008],
    [5.154707431793213, -1.97458016872406, -0.6009528636932373],
    [5.326481819152832, -1.522635817527771, -0.6472746133804321],
    [4.463035583496094, -1.5565098524093628, -0.6990702152252197],
    [4.552435874938965, -1.6846293210983276, -0.7181399464607239],
    [4.653186798095703, -1.7677828073501587, -0.7069917917251587],
    [4.656867980957031, -1.6340456008911133, -0.7431946992874146],
    [4.39054536819458, -1.8062392473220825, -0.7331523895263672],
    [2.7531285285949707, 2.5199337005615234, -0.6191682815551758],
    [6.392438888549805, -1.7451815605163574, -0.6242077946662903],
    [6.341432094573975, -1.3790597915649414, -0.6272013187408447],
    [5.375014305114746, -1.5577030181884766, -0.6116623878479004],
    [5.407969951629639, -1.5947126150131226, -0.6174315214157104],
    [3.9128689765930176, -1.8165323734283447, -0.5494170784950256],
    [3.9460694789886475, -1.9075915813446045, -0.5646255016326904],
    [2.233896493911743, -2.3256735801696777, -0.5267753601074219],
    [4.13823127746582, -1.9981000423431396, -0.5532267689704895],
    [4.09922456741333, -2.0929601192474365, -0.5639007091522217],
    [1.3759046792984009, -2.4606680870056152, -0.5329405665397644],
    [4.927335262298584, -1.8704155683517456, -0.6152626276016235],
    [4.673810958862305, -2.0318312644958496, -0.627182126045227],
    [6.195571422576904, -1.487999439239502, -0.6645471453666687],
    [5.073401927947998, -1.6051884889602661, -0.642278254032135],
    [4.077754020690918, -1.9281492233276367, -0.5585106015205383],
    [4.018247604370117, -2.031494617462158, -0.5303121209144592],
    [3.920340061187744, -1.9251471757888794, -0.5498003959655762],
    [3.953219175338745, -2.0376815795898438, -0.5758154988288879],
    [4.149054527282715, -1.9621654748916626, -0.5819936990737915],
    [4.163275718688965, -1.9892985820770264, -0.5925297737121582],
    [4.189023017883301, -2.071380376815796, -0.5215644836425781],
    [4.119285583496094, -2.1494734287261963, -0.5290098190307617],
    [4.158793926239014, -2.074460744857788, -0.5084371566772461],
    [4.15097188949585, -2.2178518772125244, -0.5375789999961853],
    [4.1176533699035645, -2.1845388412475586, -0.5648077726364136],
    [4.263728618621826, -2.1155545711517334, -0.6199761629104614],
    [4.175685882568359, -2.198634386062622, -0.598757803440094],
    [6.29911994934082, -1.687293529510498, -0.6955280303955078],
    [5.2310895919799805, -1.7437572479248047, -0.6121910214424133],
    [8.08950138092041, -1.7421321868896484, -0.6860039830207825],
    [4.13118314743042, -2.323861598968506, -0.5925559997558594],
    [7.906820297241211, -1.6480131149291992, -0.7418212890625],
    [4.938034534454346, -1.8296229839324951, -0.6410614252090454],
    [4.913139820098877, -1.9445630311965942, -0.6176047325134277],
    [3.883941650390625, -1.8436529636383057, -0.5850110054016113],
    [3.9062113761901855, -1.8990583419799805, -0.5224062204360962],
    [3.989924907684326, -2.012091875076294, -0.5493118762969971],
    [3.9721691608428955, -1.9413666725158691, -0.5431442260742188],
    [4.149350166320801, -2.0651028156280518, -0.5769333839416504],
    [4.171651840209961, -2.0476253032684326, -0.5521794557571411],
    [4.285593032836914, -2.2826783657073975, -0.583297848701477],
    [4.12830924987793, -2.1186251640319824, -0.566375195980072],
    [4.207211017608643, -2.3160858154296875, -0.5430517196655273],
    [4.149277210235596, -2.1444504261016846, -0.5204176902770996],
    [4.325680732727051, -2.2956340312957764, -0.5640054941177368],
    [4.256809711456299, -2.157911539077759, -0.604744553565979],
    [4.287847518920898, -2.103093385696411, -0.6269712448120117],
    [4.366097927093506, -2.135540246963501, -0.6610988974571228],
    [5.768653392791748, -1.6841826438903809, -0.6560846567153931],
    [7.9192352294921875, -1.368420124053955, -0.715581476688385],
    [5.0252885818481445, -1.7796127796173096, -0.6245344877243042],
    [8.44262409210205, -1.0338038206100464, -0.7039130330085754],
    [5.121483325958252, -1.8643697500228882, -0.6055676341056824],
    [5.10289192199707, -1.6916240453720093, -0.5698403120040894],
    [3.841245174407959, -1.902604103088379, -0.5894732475280762],
    [3.8438491821289062, -1.9091589450836182, -0.5517282485961914],
    [3.8497021198272705, -2.0382142066955566, -0.5632341504096985],
    [4.091914653778076, -2.1291730403900146, -0.5496657490730286],
    [4.1098456382751465, -2.131417751312256, -0.5398285388946533],
    [4.059869766235352, -2.1728408336639404, -0.5336050391197205],
    [4.17823600769043, -2.2867014408111572, -0.5778458118438721],
    [4.1185760498046875, -2.243574857711792, -0.5686792135238647],
    [4.122937202453613, -2.212141275405884, -0.5560672283172607],
    [4.0852580070495605, -2.2512288093566895, -0.5398763418197632],
    [4.139225482940674, -2.194761037826538, -0.5698546767234802],
    [6.323650360107422, -1.7017261981964111, -0.6527032852172852],
    [4.174656391143799, -2.123070478439331, -0.5981000661849976],
    [6.045717716217041, -1.7017312049865723, -0.7075210213661194],
    [5.392751216888428, -1.6937471628189087, -0.6437612771987915],
    [9.448652267456055, -0.9896605610847473, -0.7045212388038635],
    [7.292064666748047, -1.3788694143295288, -0.6671056151390076],
    [10.227737426757812, -0.6626805067062378, -0.7779101133346558],
    [4.976321220397949, -1.7766159772872925, -0.607629120349884],
    [6.102146625518799, -1.790636658668518, -0.6369123458862305],
    [3.6764678955078125, -1.9335334300994873, -0.5877991914749146],
    [3.7385618686676025, -1.9106903076171875, -0.5832246541976929],
    [3.779569149017334, -2.0499439239501953, -0.5706923604011536],
    [3.811605930328369, -1.9582462310791016, -0.5485403537750244],
    [3.930560827255249, -2.100112199783325, -0.5739355087280273],
    [4.015154838562012, -2.083939790725708, -0.5144496560096741],
    [3.9533119201660156, -2.3049476146698, -0.5710490942001343],
    [4.092025279998779, -2.2834670543670654, -0.5627143979072571],
    [4.045587062835693, -2.233203887939453, -0.5592778325080872],
    [4.199922561645508, -2.0815234184265137, -0.542475700378418],
    [4.271085739135742, -2.2054030895233154, -0.5566155910491943],
    [4.286194801330566, -2.047086000442505, -0.5784029960632324],
    [4.29532527923584, -1.991733431816101, -0.6080034375190735],
    [4.172898769378662, -2.040154218673706, -0.5817833542823792],
    [4.703251361846924, -1.9826582670211792, -0.6032181978225708],
    [9.611976623535156, -0.7558031678199768, -0.7230406999588013],
    [8.884699821472168, -0.6461109519004822, -0.6610703468322754],
    [4.989466667175293, -1.7806731462478638, -0.571495532989502],
    [5.042998313903809, -1.670619010925293, -0.5986729860305786],
    [3.6352500915527344, -1.9299405813217163, -0.6100028157234192],
    [3.728874444961548, -1.9402594566345215, -0.6119873523712158],
    [3.7604851722717285, -2.0839734077453613, -0.6413838863372803],
    [3.9422430992126465, -2.111560344696045, -0.6227951049804688],
    [3.8457162380218506, -2.138448476791382, -0.6025304198265076],
    [3.9561221599578857, -2.0834665298461914, -0.5669986605644226],
    [3.9555327892303467, -2.256730079650879, -0.4968646764755249],
    [4.075092315673828, -2.1792149543762207, -0.522793710231781],
    [4.309064865112305, -2.268148899078369, -0.5282660126686096],
    [4.186427116394043, -2.1019067764282227, -0.5485607385635376],
    [4.341500759124756, -2.1570534706115723, -0.5424717664718628],
    [4.3537917137146, -2.0329792499542236, -0.6028770804405212],
    [4.396653175354004, -1.9718760251998901, -0.5917056798934937],
    [6.117207050323486, -1.7600207328796387, -0.6296518445014954],
    [4.5621137619018555, -1.92274808883667, -0.5678206086158752],
    [11.152708053588867, -0.18793261051177979, -0.6196404099464417],
    [10.070180892944336, -0.42492854595184326, -0.6880357265472412],
    [12.597221374511719, 0.2675076127052307, -0.7780327796936035],
    [4.8885393142700195, -1.731688141822815, -0.6564819812774658],
    [6.560238838195801, -1.4927903413772583, -0.6434723138809204],
    [3.4651591777801514, -1.8872153759002686, -0.6159242391586304],
    [3.5766351222991943, -1.9337345361709595, -0.6027933955192566],
    [3.5706825256347656, -2.185499668121338, -0.6292738318443298],
    [3.5676023960113525, -2.0623366832733154, -0.5640895366668701],
    [3.762083053588867, -2.2642452716827393, -0.5895910263061523],
    [3.8142600059509277, -2.2562522888183594, -0.64742511510849],
    [4.088291168212891, -2.2719249725341797, -0.5707604289054871],
    [4.111451625823975, -2.248232364654541, -0.6034401059150696],
    [4.299631595611572, -2.2061586380004883, -0.5693652629852295],
    [4.37591552734375, -2.0821008682250977, -0.5520269870758057],
    [4.36304235458374, -1.9633615016937256, -0.561795175075531],
    [4.500143527984619, -1.903517246246338, -0.5514886975288391],
    [4.471559524536133, -2.052102565765381, -0.5786793828010559],
    [4.41464900970459, -2.0206987857818604, -0.5175389647483826],
    [4.755620002746582, -2.032055377960205, -0.5411646962165833],
    [8.255688667297363, -1.151354193687439, -0.5513021945953369],
    [6.60200309753418, -1.2960178852081299, -0.5823667645454407],
    [5.092461585998535, -1.7947996854782104, -0.6588546633720398],
    [5.079745292663574, -1.6195989847183228, -0.6206594705581665],
    [3.6032960414886475, -1.8848626613616943, -0.6190049052238464],
    [3.707841396331787, -1.9875186681747437, -0.6324623823165894],
    [3.612377166748047, -2.1697940826416016, -0.6139840483665466],
    [3.946580410003662, -2.280039072036743, -0.5305502414703369],
    [3.705124855041504, -2.4003114700317383, -0.6366713047027588],
    [4.03169059753418, -2.2841384410858154, -0.6337348222732544],
    [4.012324810028076, -2.379939317703247, -0.6280813217163086],
    [4.1103620529174805, -2.2149479389190674, -0.6935749053955078],
    [4.399051189422607, -2.244856119155884, -0.6087260246276855],
    [4.236179828643799, -2.147658109664917, -0.5589421987533569],
    [4.482789993286133, -2.1061580181121826, -0.5936476588249207],
    [4.38676643371582, -2.0766401290893555, -0.5534883737564087],
    [4.673035621643066, -1.9826871156692505, -0.6395609378814697],
    [9.075401306152344, -0.6084672808647156, -0.5996455550193787],
    [4.700736045837402, -1.8919965028762817, -0.48652175068855286],
    [14.773326873779297, 1.5066468715667725, -0.6669793128967285],
    [11.266201972961426, 0.06490807235240936, -0.6376488208770752],
    [14.124242782592773, 0.7864607572555542, -0.7464001774787903],
    [5.060635566711426, -1.6756412982940674, -0.6586053371429443],
    [6.821854591369629, -1.4311686754226685, -0.6413307785987854],
    [3.501044750213623, -1.8176186084747314, -0.6216117143630981],
    [3.5019123554229736, -1.978419303894043, -0.5874338746070862],
    [3.506284236907959, -2.171626329421997, -0.5685862898826599],
    [3.4647300243377686, -2.254953384399414, -0.5838238596916199],
    [3.705591917037964, -2.4951906204223633, -0.7207176685333252],
    [3.8264918327331543, -2.560152053833008, -0.6574762463569641],
    [4.039951801300049, -2.6140620708465576, -0.7462285161018372],
    [4.183274745941162, -2.4306411743164062, -0.6480324268341064],
    [4.286771297454834, -2.3778796195983887, -0.6122933030128479],
    [4.400540351867676, -2.2072901725769043, -0.6163337230682373],
    [4.457919597625732, -2.040567636489868, -0.5823107361793518],
    [4.500129699707031, -2.1138367652893066, -0.519221305847168],
    [4.712602138519287, -2.1694703102111816, -0.5649827122688293],
    [4.676229000091553, -2.08235502243042, -0.5240767002105713],
    [4.817596912384033, -2.024538993835449, -0.5635151267051697],
    [11.34669017791748, 0.053747765719890594, -0.6690897941589355],
    [8.492839813232422, -0.8360495567321777, -0.6696438789367676],
    [4.908768653869629, -1.7524504661560059, -0.5970052480697632],
    [5.039254188537598, -1.6327441930770874, -0.6090985536575317],
    [3.5969600677490234, -1.849642276763916, -0.6310580968856812],
    [3.667316436767578, -1.8937902450561523, -0.6358508467674255],
    [3.544948101043701, -2.1718547344207764, -0.5724211931228638],
    [3.6722776889801025, -2.3141441345214844, -0.5297104120254517],
    [3.752878189086914, -2.4698238372802734, -0.6150732636451721],
    [3.9680964946746826, -2.509861707687378, -0.6420313715934753],
    [3.6408822536468506, -2.7937400341033936, -0.684240460395813],
    [3.77038311958313, -2.311659812927246, -0.5899726152420044],
    [4.287539482116699, -2.365513801574707, -0.6086190938949585],
    [4.196299076080322, -2.290837049484253, -0.6250094771385193],
    [4.357479572296143, -2.129693031311035, -0.5795551538467407],
    [4.347596168518066, -2.0775678157806396, -0.5527477264404297],
    [4.542482376098633, -1.9939638376235962, -0.49153855443000793],
    [8.387493133544922, -0.9205261468887329, -0.6159581542015076],
    [4.767866134643555, -1.8874248266220093, -0.5552542209625244],
    [16.77178955078125, 3.021759510040283, -0.7320747375488281],
    [13.301331520080566, 1.071711540222168, -0.6902288794517517],
    [15.76918888092041, 1.9008928537368774, -0.8178462386131287],
    [5.032931327819824, -1.6681444644927979, -0.6042686700820923],
    [7.069237232208252, -1.4727033376693726, -0.6119478344917297],
    [3.6622073650360107, -1.93768310546875, -0.6031237840652466],
    [3.582864761352539, -1.9802285432815552, -0.6151823997497559],
    [3.5968539714813232, -2.0639407634735107, -0.6315536499023438],
    [3.21559739112854, -2.1556527614593506, -0.5783184170722961],
    [3.65443754196167, -2.250424861907959, -0.6756353974342346],
    [3.3958141803741455, -2.308901786804199, -0.6691904664039612],
    [3.418125629425049, -2.445955991744995, -0.7168645858764648],
    [3.562994956970215, -2.2574164867401123, -0.6156944632530212],
    [3.9882545471191406, -2.3528196811676025, -0.6025189757347107],
    [4.076076984405518, -2.152428388595581, -0.5481923222541809],
    [4.3787841796875, -2.1051459312438965, -0.5594905614852905],
    [4.2962327003479, -1.9384208917617798, -0.5451793670654297],
    [4.514865398406982, -1.8152503967285156, -0.5318554639816284],
    [4.4207234382629395, -1.8510946035385132, -0.5489234924316406],
    [4.749060153961182, -1.811321496963501, -0.5528427958488464],
    [8.592144966125488, -0.8946743011474609, -0.6895098090171814],
    [6.851293087005615, -1.2545145750045776, -0.6454620957374573],
    [5.047245502471924, -1.664332389831543, -0.6100502610206604],
    [5.019628047943115, -1.7172749042510986, -0.5336789488792419],
    [3.6024973392486572, -1.87564218044281, -0.6202683448791504],
    [3.6769776344299316, -2.074291229248047, -0.624439537525177],
    [3.479410409927368, -2.0192079544067383, -0.5598306059837341],
    [3.550072193145752, -1.9908545017242432, -0.5951762795448303],
    [3.5145039558410645, -2.256342887878418, -0.6443132162094116],
    [3.5599329471588135, -2.391771078109741, -0.6291347146034241],
    [3.4518187046051025, -2.4891765117645264, -0.6168055534362793],
    [3.640172243118286, -2.2492401599884033, -0.550040602684021],
    [3.8606314659118652, -2.348510265350342, -0.569831132888794],
    [3.933012008666992, -2.2083194255828857, -0.5422247648239136],
    [4.304730415344238, -2.146226644515991, -0.5062970519065857],
    [4.191792011260986, -2.0187113285064697, -0.5608392953872681],
    [4.530214786529541, -1.9812794923782349, -0.5473951101303101],
    [4.6446332931518555, -1.9671732187271118, -0.5331835746765137],
    [17.39263153076172, 3.632845640182495, -0.7831342220306396],
    [14.162928581237793, 1.6983802318572998, -0.7440687417984009],
    [15.691061973571777, 2.131838083267212, -0.7945229411125183],
    [5.0046892166137695, -1.6386113166809082, -0.5940260291099548],
    [6.287718772888184, -1.4124656915664673, -0.6070353388786316],
    [3.740267515182495, -1.984263300895691, -0.6189534664154053],
    [3.5121493339538574, -1.98865807056427, -0.5839358568191528],
    [3.546186685562134, -1.8554201126098633, -0.5668267011642456],
    [3.1754534244537354, -1.9091484546661377, -0.5503852963447571],
    [3.4992995262145996, -1.9997323751449585, -0.5655565857887268],
    [3.173140048980713, -2.2507314682006836, -0.605987012386322],
    [3.083306074142456, -2.758633613586426, -0.5568963289260864],
    [3.4703714847564697, -2.2936275005340576, -0.5156934261322021],
    [3.7285280227661133, -2.4036405086517334, -0.5150097608566284],
    [4.081634521484375, -2.203803539276123, -0.4930271804332733],
    [4.318075656890869, -2.341629981994629, -0.5097225904464722],
    [4.295468330383301, -1.9894388914108276, -0.5433818101882935],
    [4.665496826171875, -2.038729190826416, -0.6241015195846558],
    [4.369142532348633, -1.866127610206604, -0.5910838842391968],
    [4.49622106552124, -1.8760794401168823, -0.6392804980278015],
    [11.925893783569336, 0.6480301022529602, -0.6785032749176025],
    [10.005179405212402, -0.32381561398506165, -0.7564347386360168],
    [5.916561603546143, -1.1005202531814575, -0.6199966073036194],
    [5.115597248077393, -1.6100709438323975, -0.6195443868637085],
    [5.208371639251709, -1.4682989120483398, -0.6257944107055664],
    [3.725393056869507, -1.7747981548309326, -0.6240670680999756],
    [3.8672878742218018, -2.049747943878174, -0.6014201045036316],
    [3.717743158340454, -1.6981632709503174, -0.5678564310073853],
    [3.701421022415161, -1.7313940525054932, -0.5638104677200317],
    [3.6578118801116943, -1.8731712102890015, -0.6011492013931274],
    [3.6818745136260986, -1.83352792263031, -0.7059405446052551],
    [3.320709466934204, -2.01149320602417, -0.6330658197402954],
    [3.7048234939575195, -1.884053349494934, -0.5585992336273193],
    [3.913926124572754, -1.8219904899597168, -0.5827587246894836],
    [4.039906978607178, -1.7693164348602295, -0.5573937296867371],
    [4.161823272705078, -1.9409810304641724, -0.47293126583099365],
    [4.075588226318359, -1.9166626930236816, -0.5234267711639404],
    [4.463848114013672, -1.9371157884597778, -0.6281318664550781],
    [4.575357913970947, -1.959694743156433, -0.5896166563034058],
    [15.981184959411621, 2.539656400680542, -0.7654105424880981],
    [14.17022705078125, 1.476752519607544, -0.6546809077262878],
    [14.101167678833008, 1.2428069114685059, -0.7850632667541504],
    [5.1061882972717285, -1.5159496068954468, -0.6302098631858826],
    [5.096800327301025, -1.6357873678207397, -0.6221325993537903],
    [3.8601198196411133, -1.9171801805496216, -0.6282232403755188],
    [3.6939382553100586, -1.6540043354034424, -0.5965343117713928],
    [3.5736868381500244, -1.3918018341064453, -0.5997998118400574],
    [3.298598051071167, -1.5927406549453735, -0.6084060668945312],
    [3.8567728996276855, -1.5897018909454346, -0.6314110159873962],
    [3.2607462406158447, -1.7176876068115234, -0.6820643544197083],
    [3.7446060180664062, -1.570906400680542, -0.652356743812561],
    [3.7603952884674072, -1.5423154830932617, -0.6498805284500122],
    [4.290496349334717, -1.471439242362976, -0.6591231226921082],
    [4.477687358856201, -1.3991061449050903, -0.6649508476257324],
    [4.589775085449219, -1.4697625637054443, -0.5818789601325989],
    [4.5497589111328125, -1.4139683246612549, -0.6385800838470459],
    [4.492969512939453, -1.7407341003417969, -0.6228547096252441],
    [4.510725021362305, -1.824151635169983, -0.647362470626831],
    [4.519856929779053, -1.993446707725525, -0.628193736076355],
    [4.970034122467041, -1.5377081632614136, -0.6451387405395508],
    [5.064703464508057, -1.6377805471420288, -0.6507248282432556],
    [5.086276054382324, -1.525041103363037, -0.6565683484077454],
    [3.869140863418579, -1.74420964717865, -0.597854495048523],
    [3.718322515487671, -1.614275574684143, -0.5918992757797241],
    [3.8774240016937256, -1.2958849668502808, -0.6057379841804504],
    [3.562537908554077, -1.2804112434387207, -0.5582027435302734],
    [3.800600290298462, -1.3262196779251099, -0.5621622204780579],
    [4.0052900314331055, -1.3393971920013428, -0.5904747843742371],
    [3.9297842979431152, -1.5109397172927856, -0.6224976778030396],
    [4.271332740783691, -1.306870937347412, -0.6902037858963013],
    [4.2791218757629395, -1.5106550455093384, -0.6798796653747559],
    [4.209819316864014, -1.2788792848587036, -0.7006398439407349],
    [4.203239917755127, -1.5410641431808472, -0.6505005359649658],
    [3.875082015991211, -1.6836965084075928, -0.6502090692520142],
    [4.250513076782227, -1.75234055519104, -0.636599600315094],
    [4.561776161193848, -1.9695124626159668, -0.6111853122711182],
    [14.551909446716309, 1.261527180671692, -0.6275392174720764],
    [13.55521011352539, 0.4868146479129791, -0.6938184499740601],
    [12.405132293701172, 0.24798400700092316, -0.7590963840484619],
    [5.159627914428711, -1.554669976234436, -0.7480691075325012],
    [5.19729471206665, -1.5166407823562622, -0.6892221570014954],
    [3.8813228607177734, -1.7446434497833252, -0.5783491134643555],
    [3.9947683811187744, -1.497957706451416, -0.5186565518379211],
    [3.9004955291748047, -1.3431119918823242, -0.6118085384368896],
    [3.872436046600342, -0.9993487000465393, -0.5063943862915039],
    [4.237839221954346, -0.9715955257415771, -0.5078482031822205],
    [3.9066100120544434, -0.7549238801002502, -0.45002877712249756],
    [4.363714218139648, -0.8855763077735901, -0.5509682893753052],
    [4.201932907104492, -0.6805794835090637, -0.562938392162323],
    [4.412015914916992, -0.8364184498786926, -0.5902191996574402],
    [4.118951797485352, -0.8308367729187012, -0.6191816926002502],
    [3.8961293697357178, -1.3196083307266235, -0.6677244901657104],
    [3.9721741676330566, -1.4569004774093628, -0.6324341297149658],
    [4.020392417907715, -1.825457215309143, -0.5988981127738953],
    [4.068882942199707, -1.8186999559402466, -0.6186753511428833],
    [4.314075469970703, -1.7982178926467896, -0.6248565912246704],
    [10.365166664123535, -0.11858508735895157, -0.7308889031410217],
    [7.901290416717529, -1.3576295375823975, -0.6201038956642151],
    [4.937459945678711, -1.653866171836853, -0.6461153030395508],
    [5.185113430023193, -1.5922772884368896, -0.6678295731544495],
    [5.23421573638916, -1.5387896299362183, -0.6594486832618713],
    [3.931546926498413, -1.6476179361343384, -0.5932307243347168],
    [4.084305763244629, -1.4628493785858154, -0.5227340459823608],
    [3.994917392730713, -1.257460594177246, -0.6078028082847595],
    [4.130512714385986, -1.1066699028015137, -0.5481135845184326],
    [4.108941555023193, -1.1168413162231445, -0.5238947868347168],
    [4.231768608093262, -1.0150961875915527, -0.49311596155166626],
    [4.057352542877197, -1.1820533275604248, -0.5979952216148376],
    [4.432470321655273, -0.918275773525238, -0.5634725093841553],
    [4.366870403289795, -1.1772526502609253, -0.5728986859321594],
    [4.210513114929199, -0.916073739528656, -0.5448992252349854],
    [3.815683603286743, -1.1757471561431885, -0.560665488243103],
    [4.121279716491699, -1.9049885272979736, -0.5669076442718506],
    [4.417679309844971, -1.9869110584259033, -0.6191540956497192],
    [12.851017951965332, 0.5476111769676208, -0.7185142040252686],
    [11.788663864135742, 0.1512303650379181, -0.6276087164878845],
    [11.420241355895996, -0.17093393206596375, -0.7059994339942932],
    [5.127360820770264, -1.631432056427002, -0.6304370760917664],
    [5.218465328216553, -1.4479070901870728, -0.6418507695198059],
    [4.238542556762695, -1.703576683998108, -0.5819703936576843],
    [4.156569480895996, -1.5441920757293701, -0.5803989768028259],
    [3.9710240364074707, -1.615477204322815, -0.6147190928459167],
    [4.0209856033325195, -1.166582465171814, -0.6144924759864807],
    [4.044875621795654, -1.2996209859848022, -0.6532883048057556],
    [4.059741973876953, -1.2193706035614014, -0.5818490982055664],
    [4.190417766571045, -1.4834598302841187, -0.6557683944702148],
    [4.33632755279541, -1.2759473323822021, -0.6191979050636292],
    [4.37932825088501, -1.1988773345947266, -0.6662282943725586],
    [4.379746913909912, -1.0799018144607544, -0.6204654574394226],
    [3.9831960201263428, -1.1368499994277954, -0.6431249380111694],
    [4.1281208992004395, -1.2343754768371582, -0.5640939474105835],
    [2.3198816776275635, -2.3511180877685547, -0.6079702973365784],
    [4.133833408355713, -1.7495514154434204, -0.5561468005180359],
    [2.3215088844299316, -2.7848052978515625, -0.5969657897949219],
    [5.9470744132995605, -1.8520808219909668, -0.6273966431617737],
    [5.023190498352051, -1.8915849924087524, -0.6187692284584045],
    [5.206076622009277, -1.6197360754013062, -0.6486445665359497],
    [5.255125522613525, -1.5567028522491455, -0.6560845971107483],
    [4.565785884857178, -1.8256767988204956, -0.635822057723999],
    [4.461214542388916, -1.595179557800293, -0.6174697279930115],
    [4.536758899688721, -1.6905428171157837, -0.6858168244361877],
    [4.359166145324707, -1.5506399869918823, -0.703101634979248],
    [4.561277389526367, -1.5616246461868286, -0.7219511270523071],
    [4.482691287994385, -1.6479412317276, -0.7202956080436707],
    [4.6785149574279785, -1.8093235492706299, -0.6932740807533264],
    [4.6133832931518555, -1.7448450326919556, -0.7037432193756104],
    [4.81458044052124, -1.5613648891448975, -0.7069358229637146],
    [4.630954265594482, -1.5880465507507324, -0.7251737117767334],
    [4.587180137634277, -1.5661444664001465, -0.7263038754463196],
    [4.397009372711182, -1.6268095970153809, -0.7116686701774597],
    [4.4606099128723145, -2.0241451263427734, -0.6409211754798889],
    [4.2361650466918945, -2.196352243423462, -0.5562595129013062],
    [6.239592552185059, -1.6176741123199463, -0.5776552557945251],
    [6.184798240661621, -1.300575613975525, -0.6301642656326294],
    [5.29209041595459, -1.4877543449401855, -0.5994765758514404],
    [5.37143611907959, -1.5189859867095947, -0.6236577033996582]
]
