[
    [4.6462273597717285, -1.0367140769958496, -0.5999916791915894],
    [3.477079153060913, -2.0587170124053955, -0.6027271151542664],
    [5.695546627044678, -0.9929066896438599, -0.5819560885429382],
    [5.398954391479492, -1.2690362930297852, -0.6278616786003113],
    [5.398156642913818, -1.2264759540557861, -0.6074939370155334],
    [4.899445056915283, -1.2992829084396362, -0.5447258353233337],
    [5.974318981170654, -0.731338620185852, -0.5402176380157471],
    [5.4062066078186035, -1.4000922441482544, -0.5937674641609192],
    [5.349533557891846, -1.3327361345291138, -0.5740792751312256],
    [3.9771759510040283, -1.4409221410751343, -0.5750638246536255],
    [3.9001877307891846, -1.3768812417984009, -0.5735955238342285],
    [5.360198497772217, -1.239046573638916, -0.6007338166236877],
    [6.1550469398498535, -0.9571927189826965, -0.60942542552948],
    [5.266526222229004, -1.3406652212142944, -0.5981767773628235],
    [5.457906723022461, -1.248421549797058, -0.5933101773262024],
    [4.004523754119873, -1.8436490297317505, -0.551748514175415],
    [3.8726627826690674, -1.54152250289917, -0.5679423809051514],
    [4.219460487365723, -1.3599544763565063, -0.573184072971344],
    [4.239934921264648, -1.5231068134307861, -0.5557210445404053],
    [5.248554706573486, -1.125417947769165, -0.6100401282310486],
    [5.306681156158447, -0.6948543190956116, -0.6157218813896179],
    [3.83675217628479, 3.8586978912353516, -0.6183727979660034],
    [3.118330240249634, 3.336606979370117, -0.5272777080535889],
    [8.105634689331055, 0.10963454842567444, -0.6066539883613586],
    [5.29792594909668, -1.4549063444137573, -0.6128333806991577],
    [5.296065807342529, -1.2942736148834229, -0.5890376567840576],
    [4.780202388763428, -1.6797925233840942, -0.5608597993850708],
    [4.928289890289307, -1.6276698112487793, -0.5764896273612976],
    [4.953941822052002, -1.6534312963485718, -0.5531379580497742],
    [4.7658538818359375, -0.9527816772460938, -0.5750934481620789],
    [7.153376579284668, -0.5602536201477051, -0.6187916994094849],
    [10.062230110168457, 0.7683967351913452, -0.6924246549606323],
    [6.424033164978027, 4.193744659423828, -0.596447229385376],
    [10.502542495727539, 2.2831196784973145, -0.6094936728477478],
    [5.227790355682373, -1.3588480949401855, -0.5714403986930847],
    [4.7372660636901855, -1.6323461532592773, -0.6092331409454346],
    [4.568239688873291, -1.6128244400024414, -0.5491572022438049],
    [4.533796787261963, -1.211944818496704, -0.6162335276603699],
    [4.241423606872559, -1.399633765220642, -0.5222358703613281],
    [4.394145488739014, -1.4323042631149292, -0.5266786813735962],
    [4.2315802574157715, -1.2864015102386475, -0.5078065991401672],
    [4.475427627563477, -1.3520903587341309, -0.5674147605895996],
    [4.450267314910889, -1.4147473573684692, -0.6311752796173096],
    [7.214038372039795, -0.28219151496887207, -0.5992529392242432],
    [6.899631977081299, -0.5338252186775208, -0.5803353190422058],
    [8.260531425476074, 5.78152322769165, -0.5602200627326965],
    [5.472689151763916, 3.8798716068267822, -0.52860426902771],
    [11.27993106842041, 1.8187718391418457, -0.5699446201324463],
    [5.193824291229248, -1.506629228591919, -0.6448357105255127],
    [5.259194850921631, -1.4429433345794678, -0.6047555208206177],
    [4.541191101074219, -1.6655880212783813, -0.5871279239654541],
    [4.633061408996582, -1.7151591777801514, -0.6683295369148254],
    [4.788625717163086, -1.3883178234100342, -0.6877779364585876],
    [6.043358325958252, -0.8679691553115845, -0.4936061203479767],
    [8.295623779296875, -0.12741118669509888, -0.63761967420578],
    [6.582703590393066, -1.3748607635498047, -0.5570784211158752],
    [7.602720737457275, -0.504892885684967, -0.6646510362625122],
    [5.205051422119141, -1.5479904413223267, -0.6551066040992737],
    [5.3472490310668945, -1.3889696598052979, -0.6178610920906067],
    [4.477768898010254, -1.6449939012527466, -0.6099702715873718],
    [4.296944618225098, -1.6190463304519653, -0.5130975246429443],
    [4.507420539855957, -1.372830867767334, -0.5569541454315186],
    [4.799646854400635, -1.4242117404937744, -0.6387255787849426],
    [8.811697006225586, 0.8418243527412415, -0.5788288116455078],
    [5.932257652282715, -1.0211933851242065, -0.5041669011116028],
    [11.725323677062988, 2.889625310897827, -0.5205020904541016],
    [7.94814920425415, 5.171800136566162, -0.5714799165725708],
    [12.44827938079834, 2.166067123413086, -0.6334837079048157],
    [5.221923828125, -1.4669630527496338, -0.6908963322639465],
    [6.023921966552734, -1.3430261611938477, -0.7146624326705933],
    [4.341058731079102, -1.555888295173645, -0.6089392900466919],
    [4.423006057739258, -1.73758065700531, -0.6212409734725952],
    [4.530326843261719, -1.6559462547302246, -0.5538729429244995],
    [11.901342391967773, 2.2178919315338135, -0.5471929311752319],
    [9.589362144470215, 6.309622764587402, -0.657426118850708],
    [9.375984191894531, 0.3848174214363098, -0.5639601349830627],
    [5.4244513511657715, -1.4620652198791504, -0.7319150567054749],
    [5.454663276672363, -1.428035855293274, -0.6459211707115173],
    [4.265892505645752, -1.60306715965271, -0.6516100764274597],
    [4.384212493896484, -1.735661506652832, -0.5945872664451599],
    [4.558459758758545, -1.6882492303848267, -0.6083768010139465],
    [5.095005512237549, -1.5192049741744995, -0.6125165224075317],
    [8.981907844543457, 0.658749520778656, -0.720928430557251],
    [5.531466484069824, -1.1941133737564087, -0.5170304775238037],
    [13.685086250305176, 4.188362121582031, -0.5767342448234558],
    [10.470575332641602, 7.635527610778809, -0.4911777973175049],
    [14.316247940063477, 3.296389102935791, -0.5287905931472778],
    [5.413969039916992, -1.470236897468567, -0.6492851972579956],
    [7.170724868774414, -0.977649450302124, -0.692631721496582],
    [4.165440559387207, -1.7038793563842773, -0.6603038907051086],
    [4.096107482910156, -1.6840349435806274, -0.6229891777038574],
    [9.156615257263184, -0.01543891429901123, -0.5461843609809875],
    [7.573554992675781, -0.7397282123565674, -0.4695959687232971],
    [7.275435924530029, -0.6982452273368835, -0.5888388752937317],
    [5.158792495727539, -1.4602599143981934, -0.6126862168312073],
    [5.2900190353393555, -1.3717491626739502, -0.6175265312194824],
    [3.954299211502075, -1.57547128200531, -0.6359676718711853],
    [4.083639144897461, -1.5401029586791992, -0.6416018009185791],
    [4.656793594360352, -1.9262151718139648, -0.624134361743927],
    [9.701642036437988, 1.5178954601287842, -0.6053115129470825],
    [5.379035949707031, -1.3572502136230469, -0.5655412077903748],
    [16.10578155517578, 5.346612453460693, -0.5314380526542664],
    [12.077404022216797, 7.975900650024414, -0.5167834162712097],
    [15.112646102905273, 3.825143337249756, -0.5202435255050659],
    [5.353937149047852, -1.4127388000488281, -0.6323575973510742],
    [7.397326469421387, -0.9005564451217651, -0.691477358341217],
    [4.155440807342529, -1.5205405950546265, -0.6386303305625916],
    [4.1005539894104, -1.4804694652557373, -0.6505273580551147],
    [12.030563354492188, 7.514286994934082, -0.5291247963905334],
    [9.03537368774414, 6.02246618270874, -0.6215169429779053],
    [7.642536640167236, -0.6130242943763733, -0.5102792382240295],
    [5.195460796356201, -1.4079426527023315, -0.6409846544265747],
    [4.025437355041504, -1.5111103057861328, -0.6827720999717712],
    [4.100594997406006, -1.522438883781433, -0.6084682941436768],
    [4.115579605102539, -1.714958667755127, -0.7071584463119507],
    [4.062610626220703, -1.5757427215576172, -0.5797207355499268],
    [7.72618293762207, 4.443199157714844, -0.5833781957626343],
    [16.223365783691406, 6.111080646514893, -0.6247756481170654],
    [13.703717231750488, 7.762906074523926, -0.630262017250061],
    [15.330172538757324, 4.411936283111572, -0.6546604633331299],
    [5.241813659667969, -1.4327882528305054, -0.6769315004348755],
    [7.500716686248779, -0.9025261402130127, -0.6806357502937317],
    [4.310391902923584, -1.4623572826385498, -0.6386864185333252],
    [4.191194534301758, -1.4374010562896729, -0.6085625886917114],
    [4.2358503341674805, -1.522425889968872, -0.5788518786430359],
    [3.704345703125, -1.2764358520507812, -0.5850333571434021],
    [7.4397969245910645, -0.9273938536643982, -0.6608728766441345],
    [7.320662021636963, -1.1537036895751953, -0.6704697012901306],
    [6.820841312408447, -1.1616122722625732, -0.6562971472740173],
    [5.198886871337891, -1.325780987739563, -0.660154402256012],
    [4.138448715209961, -1.3401659727096558, -0.6075908541679382],
    [3.9890947341918945, -1.244678258895874, -0.5436908602714539],
    [4.218034744262695, -0.9141569137573242, -0.5317697525024414],
    [3.6371090412139893, -0.8270006775856018, -0.5687467455863953],
    [3.379486083984375, -0.793803334236145, -0.6200443506240845],
    [3.1120002269744873, -1.0106585025787354, -0.643463134765625],
    [3.075368642807007, 2.7278707027435303, -0.6242304444313049],
    [4.240976333618164, -1.1030114889144897, -0.604466438293457],
    [5.397360324859619, 4.930278778076172, -0.604999840259552],
    [4.65559720993042, -1.5276092290878296, -0.6040139198303223],
    [15.774577140808105, 5.766046524047852, -0.6962611079216003],
    [13.43165397644043, 7.9054718017578125, -0.6953299045562744],
    [13.516594886779785, 2.9458229541778564, -0.7841927409172058],
    [5.236709117889404, -1.3963698148727417, -0.7211422324180603],
    [6.072500228881836, -1.2715140581130981, -0.6755933165550232],
    [4.308921813964844, -1.1964606046676636, -0.5932549238204956],
    [4.203512191772461, -1.1007723808288574, -0.5134415030479431],
    [4.520054817199707, -0.887647807598114, -0.5595033764839172],
    [4.135875225067139, -0.5398638248443604, -0.5451816320419312],
    [3.908116579055786, -0.23873339593410492, -0.5773137807846069],
    [3.525728225708008, -0.3825794756412506, -0.6088884472846985],
    [3.200878620147705, -0.36808791756629944, -0.6404986381530762],
    [4.653925895690918, -0.988868236541748, -0.5686785578727722],
    [10.019207954406738, 7.4746623039245605, -0.5736013054847717],
    [7.978183269500732, 5.163207530975342, -0.63427734375],
    [5.461731433868408, -1.675272822380066, -0.6471462845802307],
    [5.323726177215576, -1.3724477291107178, -0.7020037174224854],
    [4.139357089996338, -1.2909384965896606, -0.6066519618034363],
    [4.220096588134766, -1.041350245475769, -0.5193700790405273],
    [4.402761936187744, -0.6327973008155823, -0.5769113898277283],
    [3.980822801589966, -0.4064726233482361, -0.5630362033843994],
    [3.6437768936157227, -0.3900336027145386, -0.49136173725128174],
    [3.34071683883667, -0.6659729480743408, -0.6058447957038879],
    [3.772433280944824, -0.6887789964675903, -0.5940479040145874],
    [3.638733386993408, -0.931698739528656, -0.6316533088684082],
    [3.8626182079315186, -0.020934775471687317, -0.605930745601654],
    [5.238604545593262, 4.884666919708252, -0.614852249622345],
    [4.273620128631592, -1.0374460220336914, -0.5486936569213867],
    [13.794534683227539, 4.46040678024292, -0.6828951835632324],
    [11.617619514465332, 7.6802239418029785, -0.5930079221725464],
    [12.011445045471191, 1.8469533920288086, -0.640713632106781],
    [5.1891865730285645, -1.571260690689087, -0.7121633887290955],
    [5.267331600189209, -1.5512006282806396, -0.6589208245277405],
    [4.357917308807373, -1.3748749494552612, -0.5974276065826416],
    [4.285876274108887, -1.2550891637802124, -0.6049644351005554],
    [4.121463775634766, -0.8359870910644531, -0.589543342590332],
    [3.6524529457092285, -1.1390538215637207, -0.5733077526092529],
    [3.7567853927612305, -1.2570464611053467, -0.554441511631012],
    [3.7361512184143066, -1.3867532014846802, -0.5783182978630066],
    [2.162468910217285, 1.4000802040100098, -0.6785277724266052],
    [6.185319900512695, -1.30940842628479, -0.6866551637649536],
    [6.178576946258545, -1.8184394836425781, -0.654308557510376],
    [5.227077007293701, -1.9122023582458496, -0.6146333813667297],
    [5.381022930145264, -1.4980043172836304, -0.682977557182312],
    [4.5394816398620605, -1.4284298419952393, -0.6293370127677917],
    [4.130080223083496, -2.055398464202881, -0.6474106311798096],
    [4.153946399688721, -2.2723560333251953, -0.6533345580101013],
    [3.9489524364471436, -2.0949974060058594, -0.6653608083724976],
    [3.5314810276031494, -0.6325647234916687, -0.7102767825126648],
    [6.12238073348999, -1.3882811069488525, -0.670682430267334],
    [6.2001848220825195, -1.2451293468475342, -0.6263492107391357],
    [6.346696853637695, -1.1377943754196167, -0.6158468723297119],
    [5.360850811004639, -1.6110364198684692, -0.6592755317687988],
    [5.352766513824463, -1.6197854280471802, -0.6529237627983093],
    [3.283175468444824, -2.0842647552490234, -0.550967812538147],
    [2.700101375579834, -1.8318959474563599, -0.5113367438316345],
    [2.9610157012939453, -1.8621941804885864, -0.5555368065834045],
    [1.2087349891662598, -1.880879282951355, -0.4474942088127136],
    [1.8594921827316284, -1.7821104526519775, -0.517139732837677],
    [3.2576956748962402, -1.845397710800171, -0.5879756808280945],
    [2.1379010677337646, -1.7787859439849854, -0.49955758452415466],
    [1.84465754032135, -1.8670462369918823, -0.5098900198936462],
    [2.713798761367798, -1.6744879484176636, -0.590850293636322],
    [2.087419033050537, -1.6659926176071167, -0.5296014547348022],
    [2.4950761795043945, -1.7250895500183105, -0.5680310130119324],
    [1.327812910079956, -1.9442442655563354, -0.4485393464565277],
    [3.206846237182617, -1.9195349216461182, -0.560587465763092],
    [4.572604179382324, -0.9453814029693604, -0.5676851272583008],
    [3.611802816390991, -1.7375766038894653, -0.5817703008651733],
    [5.637136936187744, -0.9138099551200867, -0.5845896601676941],
    [5.399169921875, -1.1890721321105957, -0.6006603837013245],
    [3.444406747817993, -1.965690016746521, -0.5602013468742371],
    [3.297576427459717, -2.0016956329345703, -0.5136959552764893],
    [3.1632025241851807, -1.712259292602539, -0.5535295009613037],
    [3.171617269515991, -1.8128169775009155, -0.5492590069770813],
    [3.248883008956909, -1.6055129766464233, -0.5550352931022644],
    [3.435361862182617, -1.6849924325942993, -0.5777605772018433],
    [3.3405637741088867, -1.7421133518218994, -0.5883126258850098],
    [3.3389523029327393, -1.6953189373016357, -0.5270224809646606],
    [3.262164354324341, -1.6584185361862183, -0.5363445281982422],
    [3.053760528564453, -1.8545461893081665, -0.5341441035270691],
    [2.846076488494873, -1.9047942161560059, -0.5525437593460083],
    [2.6400749683380127, -1.8776147365570068, -0.5715652108192444],
    [2.678668737411499, -1.9240899085998535, -0.5749430656433105],
    [2.3931031227111816, -2.073383331298828, -0.5691351294517517],
    [3.3746232986450195, -1.9437737464904785, -0.5735556483268738],
    [4.434289932250977, -1.2574000358581543, -0.5392129421234131],
    [4.857870101928711, -1.206722617149353, -0.5421978235244751],
    [5.979013919830322, -0.5775699615478516, -0.5401023626327515],
    [5.3512468338012695, -1.2857991456985474, -0.5981614589691162],
    [5.333812236785889, -1.3272716999053955, -0.5866246819496155],
    [3.943416118621826, -1.9327125549316406, -0.5767688155174255],
    [3.864314079284668, -1.6735268831253052, -0.5257128477096558],
    [3.890986204147339, -1.7269436120986938, -0.5545859336853027],
    [3.438981056213379, -1.500724196434021, -0.5259987115859985],
    [3.7825727462768555, -1.7762869596481323, -0.5564883947372437],
    [3.375964641571045, -1.6780872344970703, -0.5111191868782043],
    [4.212618350982666, -1.5952521562576294, -0.5633068680763245],
    [3.797067642211914, -1.487122893333435, -0.5324906706809998],
    [4.264984607696533, -1.4909042119979858, -0.567493200302124],
    [3.925902843475342, -1.468562126159668, -0.5677399039268494],
    [4.230129241943359, -1.4966909885406494, -0.5873128771781921],
    [3.789764165878296, -1.3981956243515015, -0.5499149560928345],
    [3.971984386444092, -1.5273473262786865, -0.6215976476669312],
    [3.4836502075195312, -1.4888662099838257, -0.5836807489395142],
    [5.240441799163818, -1.1613637208938599, -0.5715345144271851],
    [6.206708908081055, -0.9452349543571472, -0.6161059141159058],
    [5.300928115844727, -1.2660629749298096, -0.5703750848770142],
    [5.432831287384033, -1.1797139644622803, -0.5860080122947693],
    [3.6540629863739014, -1.9231587648391724, -0.5363621711730957],
    [3.9833548069000244, -1.531813621520996, -0.5708863735198975],
    [3.8832497596740723, -1.8425734043121338, -0.5493607521057129],
    [3.9220409393310547, -1.636212944984436, -0.5399535298347473],
    [3.816176414489746, -1.5354024171829224, -0.5746597051620483],
    [4.199390888214111, -1.4511568546295166, -0.5672934055328369],
    [4.195920467376709, -1.2874038219451904, -0.5641905069351196],
    [4.219917297363281, -1.4335150718688965, -0.5480332970619202],
    [4.214902877807617, -1.4685612916946411, -0.5330002903938293],
    [4.2938618659973145, -1.4538464546203613, -0.5494975447654724],
    [5.318674087524414, -0.974875807762146, -0.5749372243881226],
    [3.93033766746521, -1.6081821918487549, -0.5844718813896179],
    [5.431765079498291, -0.9523833990097046, -0.6127226948738098],
    [5.025006294250488, -1.4575824737548828, -0.5727959275245667],
    [5.802978992462158, -1.3836703300476074, -0.6477979421615601],
    [4.4217095375061035, -1.6703157424926758, -0.5128692388534546],
    [7.340509414672852, -0.5410899519920349, -0.5996224880218506],
    [5.2748894691467285, -1.362451195716858, -0.6160370111465454],
    [5.266763210296631, -1.3208147287368774, -0.6092731952667236],
    [4.758106231689453, -1.7298362255096436, -0.5549920201301575],
    [4.905189037322998, -1.5842530727386475, -0.5665962100028992],
    [4.925139427185059, -1.7313423156738281, -0.5499134659767151],
    [4.856567859649658, -0.9644131064414978, -0.5777149796485901],
    [4.538938522338867, -1.3994172811508179, -0.5411810278892517],
    [4.460324287414551, -1.1167699098587036, -0.5531027317047119],
    [4.331242084503174, -1.2959836721420288, -0.5636919140815735],
    [4.513736724853516, -1.2939918041229248, -0.5740829110145569],
    [4.459597587585449, -1.3351335525512695, -0.5677439570426941],
    [4.427875995635986, -1.2736434936523438, -0.5397555828094482],
    [4.5200934410095215, -1.581792950630188, -0.5797312259674072],
    [4.346974849700928, -1.221395492553711, -0.5399338603019714],
    [4.5137810707092285, -1.3796379566192627, -0.5972189903259277],
    [4.579041957855225, -1.3532251119613647, -0.5753921270370483],
    [9.654809951782227, 0.392617404460907, -0.6793060898780823],
    [9.87674331665039, 1.1488198041915894, -0.6282013654708862],
    [5.111562728881836, -1.4465034008026123, -0.5632947683334351],
    [5.20613431930542, -1.2842694520950317, -0.5734979510307312],
    [4.591707706451416, -1.7854676246643066, -0.6381566524505615],
    [4.803902626037598, -1.5211687088012695, -0.6083381772041321],
    [4.516423225402832, -1.5233817100524902, -0.56392902135849],
    [4.550256729125977, -1.3675366640090942, -0.6120907068252563],
    [4.157977104187012, -1.3622636795043945, -0.5207895040512085],
    [4.404186248779297, -1.400797724723816, -0.5131798386573792],
    [4.17844295501709, -1.3201239109039307, -0.4842400550842285],
    [4.476759433746338, -1.4281673431396484, -0.5370716452598572],
    [4.405727863311768, -1.4227641820907593, -0.527917206287384],
    [4.608251094818115, -1.3693435192108154, -0.5682130455970764],
    [4.367258548736572, -1.3651219606399536, -0.5514597296714783],
    [4.386298656463623, -1.2773598432540894, -0.6006770133972168],
    [7.1886138916015625, -0.29739809036254883, -0.5816335678100586],
    [6.9712066650390625, -0.587144136428833, -0.570993959903717],
    [10.996087074279785, 1.227357268333435, -0.5827136039733887],
    [6.780397415161133, -1.1753586530685425, -0.5511428117752075],
    [10.573919296264648, 1.1441419124603271, -0.5891332626342773],
    [5.200321197509766, -1.4265285730361938, -0.6318434476852417],
    [5.225479602813721, -1.4194797277450562, -0.6108586192131042],
    [4.496695041656494, -1.6941204071044922, -0.5898715257644653],
    [4.603970527648926, -1.712822675704956, -0.6614549160003662],
    [4.565155506134033, -1.7115955352783203, -0.6700080633163452],
    [4.76768684387207, -1.3556346893310547, -0.69013911485672],
    [4.700409889221191, -1.5053470134735107, -0.6859201788902283],
    [4.390460014343262, -1.5367177724838257, -0.586403489112854],
    [4.658730983734131, -1.5681216716766357, -0.49347496032714844],
    [4.465588569641113, -1.5578688383102417, -0.5009872913360596],
    [4.5621867179870605, -1.5054347515106201, -0.541222095489502],
    [4.624512672424316, -1.399343490600586, -0.5265134572982788],
    [4.594493865966797, -1.3620777130126953, -0.5760951042175293],
    [4.550441265106201, -1.1662087440490723, -0.5238595604896545],
    [4.135233402252197, -1.2817206382751465, -0.6083648204803467],
    [4.508450031280518, -1.2811533212661743, -0.5000606179237366],
    [8.142229080200195, -0.12487991899251938, -0.6089057326316833],
    [7.419453144073486, -0.6260921359062195, -0.647445023059845],
    [5.1764445304870605, -1.5532559156417847, -0.6354259848594666],
    [5.298524379730225, -1.3067206144332886, -0.6170583963394165],
    [4.4697113037109375, -1.6316709518432617, -0.6016412973403931],
    [4.416520118713379, -1.8558233976364136, -0.6478046774864197],
    [4.39776086807251, -1.6668784618377686, -0.6284541487693787],
    [4.433867931365967, -1.794241189956665, -0.6854738593101501],
    [4.368093013763428, -1.828502893447876, -0.6549071073532104],
    [4.3235368728637695, -1.6994376182556152, -0.5997825860977173],
    [4.293938636779785, -1.7998939752578735, -0.5433985590934753],
    [4.248785972595215, -1.5563591718673706, -0.4832640290260315],
    [4.414953708648682, -1.5983790159225464, -0.5098429918289185],
    [4.436008930206299, -1.3839194774627686, -0.5119661688804626],
    [4.625967502593994, -1.4276090860366821, -0.557224452495575],
    [4.785590648651123, -1.3715540170669556, -0.5777040123939514],
    [4.553879737854004, -1.2417445182800293, -0.6094620823860168],
    [8.66947078704834, 0.8629782795906067, -0.5209030508995056],
    [5.93158483505249, -0.9540969729423523, -0.4895481467247009],
    [11.427515029907227, 2.020664930343628, -0.4836205840110779],
    [8.691076278686523, -0.06167318671941757, -0.5791692733764648],
    [11.884574890136719, 1.587628960609436, -0.6207840442657471],
    [5.189216136932373, -1.446493148803711, -0.6893237829208374],
    [6.014006614685059, -1.2525497674942017, -0.7122340798377991],
    [4.336226940155029, -1.5638965368270874, -0.6098188757896423],
    [4.393488883972168, -1.7066847085952759, -0.6064539551734924],
    [4.472723484039307, -1.8111753463745117, -0.6209007501602173],
    [4.439978122711182, -1.6161456108093262, -0.6012175679206848],
    [4.2040534019470215, -1.943474292755127, -0.5866756439208984],
    [3.9687464237213135, -2.0001442432403564, -0.6352951526641846],
    [4.316053867340088, -2.0591602325439453, -0.5517800450325012],
    [4.206559181213379, -1.763630747795105, -0.544375479221344],
    [4.31159782409668, -1.553081750869751, -0.49398401379585266],
    [4.4460296630859375, -1.5829288959503174, -0.5006435513496399],
    [4.688944339752197, -1.5506654977798462, -0.6134772896766663],
    [4.637426376342773, -1.4347717761993408, -0.576678454875946],
    [4.791288375854492, -1.5214834213256836, -0.651507556438446],
    [4.513298034667969, -1.5588399171829224, -0.5459481477737427],
    [5.432436943054199, -1.18381667137146, -0.4668269753456116],
    [8.066374778747559, -0.5974377989768982, -0.6130293607711792],
    [9.068428993225098, 0.3030093312263489, -0.5730656385421753],
    [5.402681827545166, -1.4730650186538696, -0.6848373413085938],
    [5.4047346115112305, -1.3573415279388428, -0.6365123987197876],
    [4.273787498474121, -1.5808959007263184, -0.6482937932014465],
    [4.329482555389404, -1.7674453258514404, -0.5923311710357666],
    [4.249166011810303, -1.7229576110839844, -0.5542217493057251],
    [4.165873050689697, -1.8108000755310059, -0.577388346195221],
    [4.10447359085083, -2.159512758255005, -0.6376615762710571],
    [3.965510845184326, -1.8351433277130127, -0.6378949880599976],
    [4.113702774047852, -2.199181079864502, -0.5823339223861694],
    [4.175038814544678, -1.730711817741394, -0.6394286155700684],
    [4.232776641845703, -1.8286151885986328, -0.5784751772880554],
    [4.482931613922119, -1.6216363906860352, -0.6120948791503906],
    [4.522476673126221, -1.5968276262283325, -0.6204245090484619],
    [5.005090713500977, -1.3423184156417847, -0.5629079341888428],
    [4.760892391204834, -1.2391138076782227, -0.6245480179786682],
    [8.7046537399292, 0.48165085911750793, -0.6726862192153931],
    [5.573762893676758, -1.1059778928756714, -0.5023103952407837],
    [13.549315452575684, 3.473954439163208, -0.5800928473472595],
    [11.545616149902344, 1.9138599634170532, -0.5035379528999329],
    [13.884565353393555, 2.833721399307251, -0.5335022211074829],
    [5.35955286026001, -1.358130693435669, -0.6496330499649048],
    [7.042396545410156, -0.9624149799346924, -0.6822283267974854],
    [4.106729030609131, -1.6385457515716553, -0.6623692512512207],
    [4.062339782714844, -1.637306571006775, -0.6056687235832214],
    [3.9468793869018555, -1.9188296794891357, -0.6518383026123047],
    [3.6891703605651855, -2.0085902214050293, -0.5601109266281128],
    [3.3935892581939697, -2.4759676456451416, -0.6709508299827576],
    [3.52156662940979, -2.132258415222168, -0.664124071598053],
    [3.9611098766326904, -2.1560983657836914, -0.680073082447052],
    [3.9317095279693604, -1.9834966659545898, -0.6431748867034912],
    [4.282733917236328, -1.946391224861145, -0.5798560380935669],
    [4.364903450012207, -1.8247932195663452, -0.7083067893981934],
    [4.601036071777344, -1.6925169229507446, -0.558468222618103],
    [4.67855978012085, -1.640238642692566, -0.620532751083374],
    [5.035664081573486, -1.392519474029541, -0.6685512661933899],
    [4.711088180541992, -1.4908761978149414, -0.6001589298248291],
    [5.450423717498779, -1.344083547592163, -0.5352029800415039],
    [7.121035575866699, -0.759680986404419, -0.5754871368408203],
    [5.146596908569336, -1.4284189939498901, -0.5761655569076538],
    [5.252624988555908, -1.313166856765747, -0.6120463609695435],
    [3.9596505165100098, -1.5891878604888916, -0.626430332660675],
    [4.031301021575928, -1.6102571487426758, -0.6278538107872009],
    [4.00224494934082, -1.7203023433685303, -0.700275719165802],
    [3.6302530765533447, -1.7707549333572388, -0.6050348281860352],
    [3.441478729248047, -2.0339725017547607, -0.671552300453186],
    [3.314995050430298, -2.0625877380371094, -0.7285929322242737],
    [3.6045522689819336, -2.5591912269592285, -0.7398873567581177],
    [3.7409067153930664, -1.985130786895752, -0.6654999256134033],
    [4.131527900695801, -2.0881283283233643, -0.6134715676307678],
    [4.227332592010498, -1.902673363685608, -0.7131264805793762],
    [4.506523132324219, -1.806287169456482, -0.5560487508773804],
    [4.690516471862793, -1.5674916505813599, -0.6357435584068298],
    [4.781038761138916, -1.3066885471343994, -0.6457070708274841],
    [9.5391845703125, 1.3349593877792358, -0.6204450726509094],
    [5.374635696411133, -1.2130697965621948, -0.5454518795013428],
    [15.733243942260742, 4.9876484870910645, -0.5348482131958008],
    [12.390365600585938, 2.472093343734741, -0.522742509841919],
    [14.647563934326172, 3.281219005584717, -0.5074057579040527],
    [5.299837589263916, -1.2965729236602783, -0.6239814758300781],
    [7.295986652374268, -0.897963285446167, -0.6867867112159729],
    [4.092009544372559, -1.5238605737686157, -0.6506699323654175],
    [4.104330062866211, -1.406630516052246, -0.6316410899162292],
    [4.275956630706787, -1.6361972093582153, -0.7304784655570984],
    [3.600759267807007, -1.5485234260559082, -0.6341643333435059],
    [3.2106475830078125, -1.574626088142395, -0.6445870995521545],
    [3.0895180702209473, -1.8861265182495117, -0.673143208026886],
    [3.4740874767303467, -2.234250068664551, -0.7169875502586365],
    [3.6364152431488037, -2.1536970138549805, -0.7390133142471313],
    [4.106922626495361, -2.340895414352417, -0.6769607663154602],
    [4.056956768035889, -1.916518211364746, -0.6332657337188721],
    [4.458006858825684, -1.911676049232483, -0.6247231364250183],
    [4.4679789543151855, -1.5839333534240723, -0.6307694911956787],
    [4.6739606857299805, -1.1788362264633179, -0.6193669438362122],
    [4.329777717590332, -1.4735276699066162, -0.4811412990093231],
    [4.540046215057373, -1.5085660219192505, -0.5483622550964355],
    [12.358478546142578, 2.146463632583618, -0.5613078474998474],
    [8.864691734313965, -0.09636571258306503, -0.6008840799331665],
    [7.468479156494141, -0.6483895778656006, -0.48361438512802124],
    [5.071775913238525, -1.4203243255615234, -0.6410743594169617],
    [5.174900531768799, -1.3732714653015137, -0.6331948041915894],
    [4.020591735839844, -1.4893110990524292, -0.6743277311325073],
    [4.074182987213135, -1.5801900625228882, -0.6094641089439392],
    [4.092073917388916, -1.454489827156067, -0.5906778573989868],
    [3.514875888824463, -1.527902603149414, -0.6122559905052185],
    [3.122861862182617, -1.5395936965942383, -0.6137977838516235],
    [3.1992721557617188, -1.6493483781814575, -0.6435403823852539],
    [3.1381638050079346, -1.9511470794677734, -0.6493850350379944],
    [3.478080987930298, -1.8661162853240967, -0.6339347958564758],
    [3.798907518386841, -1.9841276407241821, -0.6743040680885315],
    [3.815575122833252, -1.9731935262680054, -0.7404628992080688],
    [4.108461856842041, -1.9579739570617676, -0.6511294841766357],
    [4.1368088722229, -1.8533602952957153, -0.6246892809867859],
    [4.5261454582214355, -1.4546970129013062, -0.6190014481544495],
    [7.391266822814941, 0.32692474126815796, -0.5485309362411499],
    [4.720707893371582, -1.661399245262146, -0.5768571496009827],
    [15.622588157653809, 5.510324001312256, -0.6477644443511963],
    [12.19548511505127, 2.644545316696167, -0.6585904955863953],
    [14.80799674987793, 4.107661724090576, -0.6627489328384399],
    [5.209672927856445, -1.2754547595977783, -0.6734113097190857],
    [7.401834487915039, -0.8908636569976807, -0.6743703484535217],
    [4.273323059082031, -1.4687610864639282, -0.6371803879737854],
    [4.151963233947754, -1.3934369087219238, -0.5965415239334106],
    [4.1698150634765625, -1.583876132965088, -0.5919189453125],
    [3.5763022899627686, -1.428523302078247, -0.5908030867576599],
    [3.351855516433716, -1.612960696220398, -0.7144340872764587],
    [2.9205923080444336, -1.5785243511199951, -0.6942758560180664],
    [2.7185001373291016, -1.957139015197754, -0.6608448028564453],
    [2.943558692932129, -1.373388409614563, -0.6604470014572144],
    [3.407728910446167, -1.5575031042099, -0.7334504127502441],
    [3.7790114879608154, -1.3773913383483887, -0.710734486579895],
    [4.021198272705078, -1.6627678871154785, -0.6768620014190674],
    [4.102606773376465, -1.2994197607040405, -0.599873423576355],
    [4.57643985748291, -1.0899484157562256, -0.6635685563087463],
    [4.259296894073486, -1.4613858461380005, -0.5949440002441406],
    [4.522001266479492, -1.5180672407150269, -0.6108555793762207],
    [7.093677997589111, -1.2922792434692383, -0.6727793216705322],
    [7.089438438415527, -1.1333644390106201, -0.6864328384399414],
    [6.6247711181640625, -1.1463195085525513, -0.6463407874107361],
    [5.085240364074707, -1.3731611967086792, -0.668135941028595],
    [5.14322566986084, -1.3094218969345093, -0.6503953337669373],
    [4.000020503997803, -1.2892075777053833, -0.5409559607505798],
    [4.1267476081848145, -0.9697592854499817, -0.5382118225097656],
    [3.4398961067199707, -0.8941618204116821, -0.5697604417800903],
    [3.1871588230133057, -0.8204115629196167, -0.6230549812316895],
    [3.0479698181152344, -1.0566179752349854, -0.6485303044319153],
    [2.866412401199341, -1.1679883003234863, -0.6478193998336792],
    [3.1828794479370117, -1.2934261560440063, -0.6301981210708618],
    [3.3465821743011475, -1.3119155168533325, -0.5925725102424622],
    [3.5712180137634277, -1.5450823307037354, -0.7610316872596741],
    [3.7437548637390137, -1.6283981800079346, -0.6014124751091003],
    [4.155744552612305, -1.139383316040039, -0.6309056282043457],
    [4.595295429229736, -1.5463056564331055, -0.6168632507324219],
    [15.236132621765137, 5.240824222564697, -0.6956377029418945],
    [12.16717529296875, 2.299818515777588, -0.7258260846138],
    [13.06772232055664, 2.5334184169769287, -0.772409200668335],
    [5.175114154815674, -1.2580054998397827, -0.7205249071121216],
    [6.025909423828125, -1.191393256187439, -0.6748103499412537],
    [4.256708145141602, -1.2161283493041992, -0.5824518203735352],
    [4.239123821258545, -1.040022850036621, -0.501549243927002],
    [4.462945461273193, -0.9949997067451477, -0.5647245049476624],
    [4.042728424072266, -0.4554901719093323, -0.5490148067474365],
    [3.70129132270813, -0.4391010105609894, -0.5719852447509766],
    [3.1418263912200928, -0.6009030938148499, -0.6165503859519958],
    [2.965791702270508, -0.8520100712776184, -0.6506604552268982],
    [3.171278238296509, -0.5729477405548096, -0.6447632312774658],
    [3.394153356552124, -0.7984647750854492, -0.6163429021835327],
    [3.583127975463867, -0.7848951816558838, -0.7019470930099487],
    [3.786200523376465, -0.9034899473190308, -0.6136077046394348],
    [3.7321839332580566, -0.9034237265586853, -0.6669143438339233],
    [4.303046703338623, -0.6725594997406006, -0.5927155017852783],
    [4.034817218780518, -1.0310508012771606, -0.5904097557067871],
    [4.584420680999756, -1.0966871976852417, -0.5994926691055298],
    [10.402080535888672, 1.3649165630340576, -0.5934581160545349],
    [7.242557048797607, -1.2013278007507324, -0.613762617111206],
    [5.3335466384887695, -1.5659286975860596, -0.6524084806442261],
    [5.181516647338867, -1.5096797943115234, -0.7468909025192261],
    [4.112223148345947, -1.2335834503173828, -0.6004458665847778],
    [4.2223286628723145, -1.0216782093048096, -0.5181947946548462],
    [4.3394293785095215, -0.5883864164352417, -0.5793023705482483],
    [3.969550371170044, -0.41316160559654236, -0.5633424520492554],
    [3.609327554702759, -0.4637131094932556, -0.5375320315361023],
    [3.454939603805542, -0.416876882314682, -0.49757641553878784],
    [2.896973133087158, -0.9173054695129395, -0.6260092854499817],
    [3.3428261280059814, -0.8757085204124451, -0.6159523725509644],
    [3.4565470218658447, -1.1690701246261597, -0.6565114855766296],
    [3.396921157836914, -1.2508397102355957, -0.6343953609466553],
    [3.4435300827026367, -1.6685070991516113, -0.6223611235618591],
    [3.8447208404541016, -1.0852676630020142, -0.6077923774719238],
    [4.220472812652588, -1.089966058731079, -0.5628499388694763],
    [13.376795768737793, 3.6017956733703613, -0.7034976482391357],
    [11.062992095947266, 1.8082696199417114, -0.5815486907958984],
    [11.498764991760254, 1.3989521265029907, -0.6407226324081421],
    [5.192993640899658, -1.5155646800994873, -0.7179561853408813],
    [5.24337911605835, -1.4581818580627441, -0.6556634902954102],
    [4.292520999908447, -1.351086974143982, -0.5845623016357422],
    [4.268786430358887, -1.151254653930664, -0.5881783962249756],
    [4.257800102233887, -1.0305885076522827, -0.5913072824478149],
    [4.080375671386719, -0.6999457478523254, -0.576056957244873],
    [3.814288854598999, -1.0337328910827637, -0.5986707806587219],
    [3.637576103210449, -0.9525009989738464, -0.5600975751876831],
    [3.46122407913208, -1.3255951404571533, -0.580315351486206],
    [3.6383652687072754, -1.1774992942810059, -0.544549822807312],
    [2.9719202518463135, -1.7401007413864136, -0.6015323400497437],
    [3.6807124614715576, -1.3626070022583008, -0.5823714733123779],
    [2.291229248046875, -2.923182725906372, -0.5894618034362793],
    [3.939852476119995, -1.4182004928588867, -0.6151434183120728],
    [2.6016945838928223, -2.172468423843384, -0.6691234707832336],
    [3.912487506866455, -1.2448188066482544, -0.5653353333473206],
    [3.6533007621765137, -1.4047112464904785, -0.6303300857543945],
    [6.121720314025879, -1.237263798713684, -0.7103354334831238],
    [6.117222785949707, -1.6523735523223877, -0.6777547597885132],
    [5.100956916809082, -1.7945318222045898, -0.6331809163093567],
    [5.237029552459717, -1.6089266538619995, -0.7140581607818604],
    [5.298829555511475, -1.525132417678833, -0.6890510320663452],
    [4.580720901489258, -1.7015968561172485, -0.6375001668930054],
    [4.534266471862793, -1.4510022401809692, -0.6347418427467346],
    [4.5036516189575195, -1.3833904266357422, -0.650368869304657],
    [4.331066131591797, -1.5220272541046143, -0.6601086854934692],
    [4.134119510650635, -1.4329373836517334, -0.7231782674789429],
    [4.180884838104248, -1.8128000497817993, -0.7296046614646912],
    [4.309056282043457, -1.9281738996505737, -0.6724129915237427],
    [4.070355415344238, -1.987430214881897, -0.6345261335372925],
    [4.293224334716797, -2.2606682777404785, -0.6176102161407471],
    [4.018993854522705, -2.1944682598114014, -0.6475582718849182],
    [4.248096942901611, -2.5308120250701904, -0.6263232827186584],
    [3.965118408203125, -2.2782647609710693, -0.6610977649688721],
    [4.156449317932129, -2.097076416015625, -0.6748247146606445],
    [4.120276927947998, -1.3738737106323242, -0.6679748892784119],
    [5.955151081085205, -1.2949600219726562, -0.6310716867446899],
    [6.1525797843933105, -1.0512899160385132, -0.6191089749336243],
    [5.280118942260742, -1.5790092945098877, -0.6495382785797119],
    [5.312380790710449, -1.5324771404266357, -0.6595025658607483]
]
