[
    [4.5738067626953125, -1.866726040840149, -0.581183135509491],
    [4.538735866546631, -1.8344898223876953, -0.5521015524864197],
    [5.0219621658325195, -1.9193167686462402, -0.6039735078811646],
    [4.574259281158447, -1.9370671510696411, -0.5050126314163208],
    [6.362588882446289, -1.429336428642273, -0.59858238697052],
    [5.210262775421143, -1.5230987071990967, -0.6684943437576294],
    [5.222644805908203, -1.4378092288970947, -0.5850275754928589],
    [4.6196746826171875, -1.9228214025497437, -0.5820119380950928],
    [4.677302360534668, -1.8750003576278687, -0.5345653891563416],
    [4.598052501678467, -2.0548834800720215, -0.5740725994110107],
    [4.431424617767334, -2.258697032928467, -0.6057714223861694],
    [4.357054233551025, -2.2617480754852295, -0.5833587646484375],
    [4.347055912017822, -2.207937240600586, -0.6043930053710938],
    [4.36702823638916, -2.0801830291748047, -0.5741016268730164],
    [6.165729522705078, -1.7009642124176025, -0.6860644817352295],
    [6.056623458862305, 2.5906505584716797, -0.6701700687408447],
    [8.962985038757324, -1.545423984527588, -0.5953772068023682],
    [5.195835590362549, -1.6255415678024292, -0.6425722241401672],
    [5.287171840667725, -1.6733580827713013, -0.534704864025116],
    [4.515655040740967, -1.901131272315979, -0.5858094096183777],
    [4.495759963989258, -1.8514490127563477, -0.5414811372756958],
    [4.4717302322387695, -1.90375554561615, -0.5550633072853088],
    [5.905417442321777, -1.269574761390686, -0.573779821395874],
    [7.9337158203125, -1.2675148248672485, -0.6094641089439392],
    [8.235665321350098, -0.9521167278289795, -0.6173955798149109],
    [5.2392706871032715, -1.497914433479309, -0.5675661563873291],
    [4.4198832511901855, -2.089752674102783, -0.6128129959106445],
    [4.428172588348389, -2.034451484680176, -0.5585639476776123],
    [4.612808704376221, -2.41286039352417, -0.5657281279563904],
    [4.27291202545166, -2.618462324142456, -0.5197982788085938],
    [4.241197109222412, -2.6170613765716553, -0.6279466152191162],
    [4.145352363586426, -2.359614610671997, -0.6182885766029358],
    [6.141108512878418, -1.7493776082992554, -0.6509610414505005],
    [5.965913772583008, -1.6993333101272583, -0.5607688426971436],
    [5.541694164276123, -1.4765808582305908, -0.48559868335723877],
    [7.141380310058594, 3.1122384071350098, -0.6024640798568726],
    [5.584973335266113, 2.6833341121673584, -0.5090716481208801],
    [10.5871000289917, -0.6920455098152161, -0.5259438157081604],
    [5.184588432312012, -1.5912277698516846, -0.6753101944923401],
    [6.745294094085693, -1.5038350820541382, -0.6249245405197144],
    [4.316862106323242, -2.0645172595977783, -0.6062583923339844],
    [9.589750289916992, -0.42596960067749023, -0.5809924602508545],
    [7.594981670379639, 3.2839558124542236, -0.5331632494926453],
    [8.517258644104004, -0.8371584415435791, -0.5649904608726501],
    [5.225550174713135, -1.6127229928970337, -0.6376069784164429],
    [4.258133888244629, -2.052549362182617, -0.6237818002700806],
    [4.450527191162109, -2.1282033920288086, -0.6350454688072205],
    [4.343777179718018, -2.210848569869995, -0.6485447883605957],
    [4.52865743637085, -2.0541183948516846, -0.6277744174003601],
    [6.4463114738464355, -1.6583709716796875, -0.5558739304542542],
    [8.66784954071045, 3.80997633934021, -0.6497614979743958],
    [9.105920791625977, 3.855220317840576, -0.557982861995697],
    [13.1944580078125, 0.3403113782405853, -0.692819356918335],
    [4.988589763641357, -1.579398512840271, -0.6550815105438232],
    [6.8155293464660645, -1.2969833612442017, -0.7194514274597168],
    [4.31965446472168, -1.9664411544799805, -0.6236429810523987],
    [4.289484977722168, -1.9948498010635376, -0.6509100198745728],
    [4.592486381530762, -1.7771302461624146, -0.5458657741546631],
    [8.554811477661133, -0.9642785787582397, -0.610965371131897],
    [7.772294998168945, -1.0665004253387451, -0.5541850328445435],
    [6.526128768920898, -1.2143139839172363, -0.6376477479934692],
    [5.0302863121032715, -1.5755201578140259, -0.6743980050086975],
    [5.137193202972412, -1.4843679666519165, -0.6654552817344666],
    [4.099021911621094, -1.9777705669403076, -0.6212058663368225],
    [5.031778812408447, -3.0694243907928467, -0.6473033428192139],
    [5.301072120666504, -1.923105239868164, -0.5495468974113464],
    [5.451353549957275, -1.9107927083969116, -0.5918856263160706],
    [9.179152488708496, -0.7797020673751831, -0.591179609298706],
    [14.769472122192383, 1.6862928867340088, -0.5994340777397156],
    [11.423392295837402, 5.004127025604248, -0.6377171277999878],
    [14.438228607177734, 1.1020631790161133, -0.6465420126914978],
    [5.181329250335693, -1.466779351234436, -0.6884931921958923],
    [6.931618690490723, -1.088233470916748, -0.6993515491485596],
    [3.9895825386047363, -1.818439245223999, -0.6167077422142029],
    [3.9937047958374023, -2.0713162422180176, -0.5229519605636597],
    [11.349451065063477, 5.134947776794434, -0.6862668991088867],
    [10.810855865478516, 6.035628795623779, -0.6432095170021057],
    [8.331340789794922, -0.7469543814659119, -0.511505663394928],
    [5.116405487060547, -1.3586080074310303, -0.6089903116226196],
    [3.900681734085083, -1.8803743124008179, -0.6228211522102356],
    [4.139522552490234, -1.9281156063079834, -0.6749517917633057],
    [3.6792967319488525, -2.8206446170806885, -0.6676030158996582],
    [4.271787643432617, -1.8852753639221191, -0.6747745871543884],
    [4.844662189483643, -2.1589603424072266, -0.62468022108078],
    [5.277193546295166, -1.740702509880066, -0.5563036203384399],
    [7.06810188293457, 3.184338092803955, -0.6045804023742676],
    [16.174917221069336, 2.867239475250244, -0.7966038584709167],
    [12.926472663879395, 5.942316055297852, -0.7030949592590332],
    [15.646140098571777, 2.023493766784668, -0.7531458139419556],
    [5.195566654205322, -1.4267836809158325, -0.6693903803825378],
    [7.011516094207764, -0.94640052318573, -0.7061055302619934],
    [3.1091341972351074, -2.1362032890319824, -0.6201096773147583],
    [2.3960764408111572, -0.35752877593040466, -0.7910431027412415],
    [8.121155738830566, -1.3420995473861694, -0.7633324265480042],
    [7.70874547958374, -1.4379487037658691, -0.6864414215087891],
    [6.511175632476807, -1.3095674514770508, -0.7482752203941345],
    [5.177286148071289, -1.4161895513534546, -0.7396531105041504],
    [5.122737407684326, -1.305497646331787, -0.6609175205230713],
    [3.8774380683898926, -1.72835111618042, -0.6187934875488281],
    [4.070315837860107, -1.7416669130325317, -0.678246259689331],
    [3.8337483406066895, -1.8345121145248413, -0.6919063329696655],
    [4.035030841827393, -1.4743685722351074, -0.6738511919975281],
    [4.080913543701172, -1.4697016477584839, -0.7324293255805969],
    [4.43873405456543, -2.0327696800231934, -0.6409470438957214],
    [6.356167316436768, 3.599457263946533, -0.6660768985748291],
    [4.99006986618042, -1.718780517578125, -0.6204178333282471],
    [15.76187801361084, 3.4809648990631104, -0.8451331853866577],
    [12.179073333740234, 6.937727928161621, -0.7712789177894592],
    [15.150408744812012, 2.0246589183807373, -0.9234112501144409],
    [5.151443004608154, -1.4161423444747925, -0.7409759163856506],
    [5.943916320800781, -1.2238391637802124, -0.671209990978241],
    [4.163431644439697, -1.6411828994750977, -0.6199575662612915],
    [4.142026901245117, -1.4571410417556763, -0.5807507038116455],
    [4.890363693237305, -1.7133077383041382, -0.6535224318504333],
    [11.304553985595703, 5.875594139099121, -0.7537754774093628],
    [9.41330623626709, 4.78368616104126, -0.7720106840133667],
    [5.688257694244385, -1.495363473892212, -0.7208218574523926],
    [5.238073348999023, -1.5826696157455444, -0.7612488269805908],
    [5.3276166915893555, -1.29957914352417, -0.7172459363937378],
    [4.092069149017334, -1.6316529512405396, -0.6555367708206177],
    [4.172133445739746, -1.5500307083129883, -0.5412081480026245],
    [4.052404403686523, -1.561849594116211, -0.5465105772018433],
    [3.828713893890381, -1.8261265754699707, -0.6966083645820618],
    [3.9883415699005127, -1.3628190755844116, -0.6426790356636047],
    [4.047825336456299, -1.6691651344299316, -0.6111099123954773],
    [4.040803909301758, -1.1097370386123657, -0.6597030162811279],
    [3.8539867401123047, -0.29620909690856934, -0.6591399312019348],
    [5.022093772888184, -1.285740852355957, -0.6371044516563416],
    [15.125932693481445, 2.707456588745117, -0.7524811029434204],
    [13.252959251403809, 7.182356357574463, -0.6937412023544312],
    [14.7844877243042, 1.1380951404571533, -0.8408213257789612],
    [5.20697546005249, -1.5479170083999634, -0.7781804203987122],
    [5.105628967285156, -1.430946946144104, -0.7457274794578552],
    [4.124342918395996, -1.5950835943222046, -0.6304234862327576],
    [4.121976852416992, -1.4374016523361206, -0.6272821426391602],
    [7.569311618804932, -1.79904305934906, -0.6466655731201172],
    [7.7074875831604, -1.770275354385376, -0.5951697826385498],
    [4.7763237953186035, -1.750172734260559, -0.5964496731758118],
    [5.233590602874756, -1.3792195320129395, -0.7848721742630005],
    [4.003820896148682, -1.5412325859069824, -0.5870567560195923],
    [4.030886173248291, -1.450509786605835, -0.5620467066764832],
    [4.232393741607666, -0.7170457243919373, -0.5509047508239746],
    [3.9938089847564697, -1.198073148727417, -0.47486263513565063],
    [3.9954140186309814, -0.8298311233520508, -0.5273422598838806],
    [3.7926595211029053, -0.9648579955101013, -0.5667104125022888],
    [4.0294599533081055, -0.5470224022865295, -0.6494888067245483],
    [3.849174976348877, -0.6081303954124451, -0.5952907204627991],
    [4.249319076538086, -0.7424695491790771, -0.5926404595375061],
    [3.7364630699157715, -0.10148262232542038, -0.5717884302139282],
    [3.905034065246582, -0.9309309124946594, -0.5931710004806519],
    [3.7366390228271484, -0.2476767897605896, -0.6210584044456482],
    [4.230081081390381, -1.3230103254318237, -0.5513032674789429],
    [4.225761890411377, 2.6218338012695312, -0.623964786529541],
    [13.744447708129883, 0.7225326299667358, -0.6778209805488586],
    [13.143237113952637, 6.181649684906006, -0.6477569341659546],
    [12.739370346069336, -0.2863888740539551, -0.7044416069984436],
    [5.218280792236328, -1.602626085281372, -0.695372998714447],
    [5.195254802703857, -1.5214025974273682, -0.6807131171226501],
    [4.221837043762207, -1.4753972291946411, -0.5757858753204346],
    [4.414819717407227, -1.1327077150344849, -0.512391209602356],
    [4.4505791664123535, -0.7933336496353149, -0.5603654384613037],
    [4.452016830444336, -0.590541422367096, -0.5024557113647461],
    [4.129297256469727, -0.36075353622436523, -0.5584568977355957],
    [4.2877092361450195, 0.19756469130516052, -0.6694474816322327],
    [4.077365398406982, -0.012713953852653503, -0.617496132850647],
    [3.944675922393799, 0.17963238060474396, -0.5756804943084717],
    [3.81233811378479, 0.5121831893920898, -0.5827265977859497],
    [3.6770780086517334, -0.011073797941207886, -0.6008187532424927],
    [3.0689632892608643, -0.3206501305103302, -0.5981014370918274],
    [9.250496864318848, 4.073418140411377, -0.7453771233558655],
    [8.199061393737793, 3.7465157508850098, -0.656633198261261],
    [4.694080829620361, -1.7362338304519653, -0.5336678624153137],
    [5.207973957061768, -1.51871657371521, -0.526008129119873],
    [4.084127426147461, -1.4771648645401, -0.5960280299186707],
    [4.236946105957031, -1.3371986150741577, -0.5105172991752625],
    [4.445871829986572, -0.5065669417381287, -0.604067325592041],
    [4.285794734954834, -0.813840389251709, -0.5876067280769348],
    [4.1230974197387695, -0.5347408652305603, -0.5628674626350403],
    [4.042871475219727, -0.5103168487548828, -0.6710619330406189],
    [3.9932076930999756, 0.010457351803779602, -0.6458810567855835],
    [3.8906290531158447, -0.7126595973968506, -0.6388987898826599],
    [4.067241191864014, -0.014471426606178284, -0.5927888751029968],
    [3.7024483680725098, -0.3633902072906494, -0.6181710362434387],
    [3.832515001296997, 1.5261154174804688, -0.5414671301841736],
    [3.78607177734375, -0.8045644164085388, -0.6312497854232788],
    [4.49138879776001, -1.1946425437927246, -0.7289162874221802],
    [12.481343269348145, 0.3871435523033142, -0.753558337688446],
    [11.54857063293457, 4.9113664627075195, -0.7185973525047302],
    [11.583903312683105, -0.466155081987381, -0.6418235898017883],
    [5.194263458251953, -1.5823402404785156, -0.6585602760314941],
    [5.19956111907959, -1.4765366315841675, -0.5344098210334778],
    [4.498138904571533, -1.68924880027771, -0.5910965800285339],
    [4.513825416564941, -1.5145559310913086, -0.592934787273407],
    [4.475046157836914, -1.1059026718139648, -0.6454126238822937],
    [4.030167102813721, -1.1848474740982056, -0.6272377371788025],
    [3.604137659072876, -0.921644926071167, -0.6224467754364014],
    [4.0194783210754395, -1.3240233659744263, -0.6158631443977356],
    [6.267701625823975, -1.7678728103637695, -0.6846056580543518],
    [4.903003215789795, -1.7867939472198486, -0.5947017073631287],
    [5.161716461181641, -1.520851969718933, -0.5483042597770691],
    [4.563182353973389, -1.5798596143722534, -0.621772289276123],
    [4.547357559204102, -1.712673544883728, -0.7089661955833435],
    [4.5049591064453125, -2.007107734680176, -0.7601401805877686],
    [4.3616108894348145, -2.1130101680755615, -0.7350990176200867],
    [4.225484848022461, -2.245112895965576, -0.7515362501144409],
    [4.053066253662109, -2.0693323612213135, -0.7893917560577393],
    [3.45682692527771, 0.7077799439430237, -0.6386922001838684],
    [6.539437294006348, -1.865026593208313, -0.7322878837585449],
    [6.5967488288879395, -1.6321947574615479, -0.725770890712738],
    [6.3016438484191895, -1.5827274322509766, -0.7110627889633179],
    [5.165073394775391, -1.558591604232788, -0.6808034777641296],
    [5.237131118774414, -1.6293351650238037, -0.6535898447036743],
    [4.491296768188477, -1.7248035669326782, -0.5435875058174133],
    [4.521651268005371, -1.8764184713363647, -0.5837966203689575],
    [2.3408727645874023, -2.4460086822509766, -0.5143229365348816],
    [4.268357276916504, -2.1220345497131348, -0.5501259565353394],
    [1.711492657661438, -2.4254355430603027, -0.5292500257492065],
    [4.023652076721191, -1.8990070819854736, -0.5412043333053589],
    [1.9423716068267822, -2.45913028717041, -0.48602789640426636],
    [1.3841100931167603, -2.391883611679077, -0.5051950216293335],
    [5.013570785522461, -1.8154635429382324, -0.5678035616874695],
    [4.700316905975342, -1.9286733865737915, -0.4939412474632263],
    [6.300025939941406, -1.3792604207992554, -0.5917774438858032],
    [5.236135959625244, -1.4811232089996338, -0.646797776222229],
    [4.590310096740723, -1.8398735523223877, -0.576235294342041],
    [4.615289211273193, -1.8816180229187012, -0.5196973085403442],
    [4.489135265350342, -1.8301136493682861, -0.5773032903671265],
    [4.524689197540283, -1.9823663234710693, -0.5723779201507568],
    [4.4181694984436035, -2.134506940841675, -0.5782871842384338],
    [4.34876012802124, -2.184720039367676, -0.5918101072311401],
    [4.34460973739624, -2.281130313873291, -0.5115261077880859],
    [4.313324451446533, -2.2169418334960938, -0.5716041326522827],
    [4.331547737121582, -2.1738054752349854, -0.5366656184196472],
    [4.3120880126953125, -2.1271591186523438, -0.5721789002418518],
    [4.2381134033203125, -2.038801670074463, -0.5385297536849976],
    [4.298894882202148, -2.013723611831665, -0.554650068283081],
    [4.089242458343506, -2.0202009677886963, -0.5571095943450928],
    [6.133126258850098, -1.702688217163086, -0.6402652263641357],
    [5.142779350280762, -1.59293794631958, -0.5687648057937622],
    [8.095273971557617, -1.5061497688293457, -0.6485484838485718],
    [3.996685266494751, -2.1868815422058105, -0.4429681897163391],
    [8.43112850189209, -1.5555833578109741, -0.5976629257202148],
    [5.148979187011719, -1.5141586065292358, -0.6353609561920166],
    [5.251999855041504, -1.6552377939224243, -0.5454933047294617],
    [4.4964599609375, -1.8748027086257935, -0.582134485244751],
    [4.468796730041504, -1.7927216291427612, -0.5253064036369324],
    [4.556013584136963, -1.8029998540878296, -0.5922212600708008],
    [4.381972312927246, -1.8200594186782837, -0.5539697408676147],
    [4.459025859832764, -2.1715595722198486, -0.5741589665412903],
    [4.339576244354248, -2.19071626663208, -0.5503990650177002],
    [4.40271520614624, -2.430861473083496, -0.6164637207984924],
    [4.362208366394043, -2.1537821292877197, -0.6101778149604797],
    [4.366771221160889, -2.510917901992798, -0.6193015575408936],
    [4.182127952575684, -2.2132065296173096, -0.5755065083503723],
    [4.361058712005615, -2.4093575477600098, -0.5698981881141663],
    [4.300541877746582, -2.127346992492676, -0.574630856513977],
    [4.416351795196533, -2.008000612258911, -0.5832926630973816],
    [4.3894453048706055, -2.024777889251709, -0.581372082233429],
    [5.739863872528076, -1.50941002368927, -0.5792890191078186],
    [7.674860954284668, -1.217180609703064, -0.557607114315033],
    [4.817561149597168, -1.4870861768722534, -0.45168808102607727],
    [7.9766974449157715, -0.9981650710105896, -0.5989581942558289],
    [5.1619873046875, -1.4931169748306274, -0.6305527091026306],
    [5.18095588684082, -1.4182045459747314, -0.5563969016075134],
    [4.430670738220215, -2.0039632320404053, -0.6015910506248474],
    [4.371716499328613, -2.077401876449585, -0.5540921688079834],
    [4.489804744720459, -1.9310003519058228, -0.5968109965324402],
    [4.5475754737854, -2.3871047496795654, -0.5556190609931946],
    [4.241689682006836, -2.307180881500244, -0.5476764440536499],
    [4.0905866622924805, -2.545198678970337, -0.4965490698814392],
    [4.1713056564331055, -2.5962955951690674, -0.5877794623374939],
    [4.110004901885986, -2.484283924102783, -0.5922563076019287],
    [4.233314514160156, -2.3524422645568848, -0.626124382019043],
    [4.060009002685547, -2.3027679920196533, -0.595933198928833],
    [4.2371602058410645, -2.071397542953491, -0.5664063692092896],
    [6.148091793060303, -1.7205185890197754, -0.6188133358955383],
    [4.332557678222656, -2.0035452842712402, -0.5535696744918823],
    [5.878108024597168, -1.6503450870513916, -0.5220299363136292],
    [5.561425685882568, -1.4809194803237915, -0.5066214203834534],
    [9.331744194030762, -1.0299687385559082, -0.5771569609642029],
    [7.352015495300293, -1.4284393787384033, -0.5272520780563354],
    [10.135541915893555, -0.8468049764633179, -0.5255007147789001],
    [5.1258864402771, -1.4984709024429321, -0.6620762944221497],
    [6.582138538360596, -1.4746692180633545, -0.6267943382263184],
    [4.292675495147705, -2.0404605865478516, -0.5892705917358398],
    [4.28068208694458, -1.996866226196289, -0.5904701352119446],
    [4.368044376373291, -2.150524854660034, -0.6088837385177612],
    [4.087935447692871, -2.3163139820098877, -0.5910758376121521],
    [3.872797966003418, -2.338650941848755, -0.5431984066963196],
    [3.812544107437134, -2.4386091232299805, -0.5406283140182495],
    [3.8963088989257812, -2.603283643722534, -0.6060407161712646],
    [4.04612398147583, -2.352726936340332, -0.6077288389205933],
    [3.9174890518188477, -2.021580457687378, -0.6529643535614014],
    [4.024551868438721, -2.1315481662750244, -0.5705097913742065],
    [4.1918864250183105, -1.8147587776184082, -0.6008310317993164],
    [4.055929183959961, -1.9521219730377197, -0.582870364189148],
    [4.157772064208984, -1.789408802986145, -0.5530555844306946],
    [3.8800010681152344, -1.9194669723510742, -0.4911425709724426],
    [4.696728229522705, -1.8097867965698242, -0.4779101014137268],
    [9.219304084777832, -0.5533522963523865, -0.5510679483413696],
    [8.288315773010254, -0.6972351670265198, -0.5769777894020081],
    [5.055986404418945, -1.6222463846206665, -0.6384093761444092],
    [5.179175853729248, -1.5586585998535156, -0.6385224461555481],
    [4.247188568115234, -2.0264687538146973, -0.6187075972557068],
    [4.375291347503662, -2.185593843460083, -0.6418124437332153],
    [4.207271099090576, -2.155468463897705, -0.6475914716720581],
    [4.404041767120361, -2.6663944721221924, -0.7392803430557251],
    [3.9927849769592285, -2.602290153503418, -0.690162718296051],
    [4.104273319244385, -2.7378475666046143, -0.6184074282646179],
    [3.7847352027893066, -2.6923792362213135, -0.5853108763694763],
    [4.114294528961182, -2.4655282497406006, -0.6166014075279236],
    [4.230302333831787, -2.3046205043792725, -0.6625872850418091],
    [4.263051509857178, -2.090505838394165, -0.5954709649085999],
    [4.570008754730225, -1.9051462411880493, -0.5981846451759338],
    [4.4097089767456055, -1.9726347923278809, -0.5564009547233582],
    [4.349629878997803, -1.702991247177124, -0.5042434930801392],
    [6.306082248687744, -1.6751270294189453, -0.5168777108192444],
    [4.852617263793945, -1.6640578508377075, -0.5014871954917908],
    [10.759801864624023, -0.29952552914619446, -0.6003156900405884],
    [9.6752347946167, -0.5722560882568359, -0.539752721786499],
    [12.560572624206543, 0.19251158833503723, -0.6834792494773865],
    [4.9289870262146, -1.5036765336990356, -0.6499510407447815],
    [6.759557247161865, -1.254162311553955, -0.7198953628540039],
    [4.313105583190918, -1.9250969886779785, -0.6237764358520508],
    [4.257711410522461, -1.9365662336349487, -0.6368288397789001],
    [4.119053840637207, -2.2165277004241943, -0.644210696220398],
    [4.11570930480957, -2.402813673019409, -0.7014448046684265],
    [3.7991867065429688, -2.688838481903076, -0.6957238912582397],
    [3.814126491546631, -2.7295286655426025, -0.7489205598831177],
    [3.990826368331909, -2.5173354148864746, -0.6390455365180969],
    [4.168327331542969, -2.386032819747925, -0.577235996723175],
    [4.489051342010498, -2.1608009338378906, -0.5993621349334717],
    [4.407948017120361, -2.086024761199951, -0.5536392331123352],
    [4.759598255157471, -1.801651954650879, -0.5753635168075562],
    [4.628791809082031, -1.7883557081222534, -0.5532315969467163],
    [4.541329860687256, -1.7105904817581177, -0.5157288312911987],
    [4.5754265785217285, -1.7312709093093872, -0.5317548513412476],
    [5.066230773925781, -1.686686635017395, -0.5272011756896973],
    [8.318704605102539, -0.9815637469291687, -0.5740482807159424],
    [6.394896984100342, -1.2191057205200195, -0.6334485411643982],
    [5.019051551818848, -1.5138458013534546, -0.6448734998703003],
    [5.128878593444824, -1.4444539546966553, -0.6613215208053589],
    [4.099339485168457, -1.9323498010635376, -0.6177910566329956],
    [4.168628215789795, -2.1414806842803955, -0.5988963842391968],
    [3.961639165878296, -2.1034348011016846, -0.5524357557296753],
    [4.1217942237854, -2.752699375152588, -0.6241846680641174],
    [4.052987098693848, -3.048341751098633, -0.6965152621269226],
    [4.21338415145874, -3.142298460006714, -0.7085174918174744],
    [3.999706745147705, -2.8704352378845215, -0.6154899001121521],
    [4.871280193328857, -2.4870800971984863, -0.655703067779541],
    [4.551876068115234, -2.1378116607666016, -0.540005087852478],
    [5.005740165710449, -1.7843247652053833, -0.5573849678039551],
    [4.8592143058776855, -1.7645140886306763, -0.5685278177261353],
    [5.148314952850342, -1.7000513076782227, -0.5618168115615845],
    [4.773162841796875, -1.57895028591156, -0.5474311709403992],
    [8.909409523010254, -0.5033401846885681, -0.5831758975982666],
    [4.977840900421143, -1.43687903881073, -0.5103980302810669],
    [14.180506706237793, 1.5301449298858643, -0.5906853079795837],
    [10.807296752929688, 0.015956178307533264, -0.6171730756759644],
    [13.732305526733398, 0.8063722848892212, -0.6336392164230347],
    [5.133204460144043, -1.3587026596069336, -0.6830612421035767],
    [6.8720927238464355, -1.0740364789962769, -0.6917086839675903],
    [3.9586851596832275, -1.8058229684829712, -0.6496355533599854],
    [3.9413976669311523, -1.776820182800293, -0.5936232805252075],
    [3.8204104900360107, -2.0232808589935303, -0.5288954377174377],
    [3.6289918422698975, -2.7176735401153564, -0.5650532841682434],
    [3.480217456817627, -3.398407220840454, -0.686911940574646],
    [3.469269037246704, -3.3633437156677246, -0.6833128929138184],
    [3.793959617614746, -2.818603038787842, -0.7023316621780396],
    [4.109765529632568, -2.4316956996917725, -0.6783271431922913],
    [4.692018508911133, -2.0170774459838867, -0.6245959997177124],
    [4.400514125823975, -1.8737092018127441, -0.5572306513786316],
    [4.805669784545898, -1.7117578983306885, -0.4821819067001343],
    [4.584511756896973, -1.832170009613037, -0.5499109625816345],
    [4.683988094329834, -1.7879469394683838, -0.5692040324211121],
    [4.831327438354492, -1.779296636581421, -0.5660973787307739],
    [11.060150146484375, -0.060547634959220886, -0.6626225113868713],
    [8.086724281311035, -0.612371027469635, -0.5324545502662659],
    [5.08274507522583, -1.3398383855819702, -0.662979781627655],
    [5.0774006843566895, -1.3363795280456543, -0.5992438793182373],
    [3.8988349437713623, -1.8554197549819946, -0.616885244846344],
    [4.075590133666992, -1.9621373414993286, -0.6668540239334106],
    [3.6899969577789307, -1.9702645540237427, -0.6384043097496033],
    [3.4285919666290283, -2.6350462436676025, -0.5825166702270508],
    [3.4083919525146484, -3.1832633018493652, -0.6568728685379028],
    [3.1834332942962646, -3.18711519241333, -0.6998556852340698],
    [3.450895309448242, -3.073129415512085, -0.7712835073471069],
    [3.7868294715881348, -2.477677583694458, -0.7308525443077087],
    [4.150701999664307, -2.268132448196411, -0.6981353163719177],
    [4.743225574493408, -1.8418104648590088, -0.662296712398529],
    [4.535594940185547, -1.886409044265747, -0.6520260572433472],
    [5.10537576675415, -2.0144903659820557, -0.5724680423736572],
    [4.566655158996582, -1.884140133857727, -0.6015059351921082],
    [4.945789813995361, -1.8017001152038574, -0.6553868651390076],
    [15.740330696105957, 2.638054132461548, -0.8045254945755005],
    [11.719416618347168, 0.3693019449710846, -0.6653734445571899],
    [15.094970703125, 1.7555720806121826, -0.753504753112793],
    [5.153291702270508, -1.2732447385787964, -0.671698272228241],
    [6.920568466186523, -0.9178967475891113, -0.7045888304710388],
    [3.9895684719085693, -1.6843316555023193, -0.603283166885376],
    [3.9269442558288574, -1.654006004333496, -0.659872829914093],
    [3.6626198291778564, -1.8186122179031372, -0.6282869577407837],
    [3.260993003845215, -2.237697124481201, -0.6803972721099854],
    [2.805155038833618, -2.8661749362945557, -0.6175824403762817],
    [2.755152702331543, -2.8731372356414795, -0.7044084072113037],
    [2.3458938598632812, -2.596999168395996, -0.7834523916244507],
    [3.1120095252990723, -2.0737438201904297, -0.7105039358139038],
    [3.045212984085083, -2.165278911590576, -0.7754389047622681],
    [3.37559175491333, -1.8650834560394287, -0.6356399059295654],
    [3.926771402359009, -2.013197660446167, -0.6979921460151672],
    [3.854645013809204, -1.9628468751907349, -0.6919431090354919],
    [4.132646560668945, -1.9059069156646729, -0.7220946550369263],
    [4.255380153656006, -2.1284031867980957, -0.6577404737472534],
    [4.627954006195068, -2.120420455932617, -0.634557843208313],
    [7.574723720550537, -1.7420721054077148, -0.7796729207038879],
    [7.332673072814941, -1.391369342803955, -0.7092522978782654],
    [6.255777359008789, -1.2861621379852295, -0.7332315444946289],
    [5.139104843139648, -1.3021899461746216, -0.7306677103042603],
    [5.083850383758545, -1.289961576461792, -0.6604147553443909],
    [3.837172746658325, -1.698781967163086, -0.6243327260017395],
    [4.01210880279541, -1.771680474281311, -0.6595451831817627],
    [3.657822847366333, -1.6685785055160522, -0.6542050838470459],
    [3.2484395503997803, -2.1929404735565186, -0.6937130689620972],
    [3.1017706394195557, -2.5647571086883545, -0.6203978061676025],
    [3.168663740158081, -2.538489818572998, -0.7208214402198792],
    [3.2977042198181152, -2.0943996906280518, -0.645196259021759],
    [3.5849499702453613, -1.9455374479293823, -0.6936591863632202],
    [3.451620101928711, -1.95762038230896, -0.6402864456176758],
    [3.633826971054077, -1.9887441396713257, -0.7034103274345398],
    [3.770871639251709, -2.0582659244537354, -0.7514093518257141],
    [3.955429792404175, -2.2122058868408203, -0.7480498552322388],
    [4.21819543838501, -2.0475566387176514, -0.6884230971336365],
    [4.843474388122559, -1.7406178712844849, -0.6468952894210815],
    [15.319696426391602, 3.081620693206787, -0.8321334719657898],
    [11.857397079467773, 0.2969917058944702, -0.7335647940635681],
    [14.683467864990234, 1.5238629579544067, -0.904265284538269],
    [5.096747398376465, -1.3115763664245605, -0.740074872970581],
    [5.891131401062012, -1.129384994506836, -0.6695097088813782],
    [4.111480712890625, -1.6152477264404297, -0.6373096108436584],
    [4.094839572906494, -1.3995522260665894, -0.5805750489234924],
    [3.76800537109375, -1.6338576078414917, -0.5529375672340393],
    [3.6862614154815674, -1.8824280500411987, -0.6319111585617065],
    [3.111299514770508, -2.1543002128601074, -0.727206289768219],
    [3.138505458831787, -1.975191593170166, -0.7722218632698059],
    [3.096776008605957, -1.9242218732833862, -0.7154985666275024],
    [3.2643330097198486, -1.4943923950195312, -0.7057895064353943],
    [3.516037940979004, -1.6084486246109009, -0.6088219285011292],
    [3.444632053375244, -1.3553152084350586, -0.6586079597473145],
    [3.7240047454833984, -1.5168261528015137, -0.6114735007286072],
    [3.831390857696533, -1.4438248872756958, -0.7513154149055481],
    [4.329505920410156, -1.6994351148605347, -0.6610763072967529],
    [4.139774799346924, -1.6677590608596802, -0.6718077063560486],
    [4.842678070068359, -1.716126799583435, -0.6726494431495667],
    [11.452810287475586, 0.1981281042098999, -0.8019035458564758],
    [8.796470642089844, -1.0343990325927734, -0.7464850544929504],
    [5.659661293029785, -1.433150291442871, -0.7451081871986389],
    [5.246472358703613, -1.4559080600738525, -0.7482517957687378],
    [5.3028130531311035, -1.303553581237793, -0.7075943350791931],
    [4.032200813293457, -1.5945096015930176, -0.6438221335411072],
    [4.15859842300415, -1.599328875541687, -0.5247616767883301],
    [3.8892879486083984, -1.2722034454345703, -0.5542039275169373],
    [3.618865489959717, -1.808669924736023, -0.5561918616294861],
    [3.5692946910858154, -2.165492057800293, -0.7073520421981812],
    [3.3641185760498047, -1.9390528202056885, -0.725951611995697],
    [3.5533456802368164, -1.849263310432434, -0.7386510372161865],
    [3.393402099609375, -1.726698398590088, -0.6838286519050598],
    [3.918652057647705, -1.7348600625991821, -0.649966835975647],
    [3.7473361492156982, -1.4581098556518555, -0.6993433237075806],
    [3.9357352256774902, -1.6204993724822998, -0.5872927904129028],
    [3.8409342765808105, -1.7610410451889038, -0.6749334335327148],
    [4.160362243652344, -1.6594992876052856, -0.626109778881073],
    [4.82913064956665, -1.415424108505249, -0.6719626784324646],
    [14.628290176391602, 1.793778657913208, -0.7671708464622498],
    [12.839879035949707, -0.08504292368888855, -0.6934137344360352],
    [14.217399597167969, 0.7905446290969849, -0.8482725620269775],
    [5.186984539031982, -1.5265425443649292, -0.7821120619773865],
    [5.139472484588623, -1.3576033115386963, -0.7438939213752747],
    [4.082299709320068, -1.6016006469726562, -0.6339297890663147],
    [4.073668479919434, -1.4254059791564941, -0.6237909197807312],
    [3.7464065551757812, -1.502616286277771, -0.537564754486084],
    [3.5726091861724854, -1.4207804203033447, -0.5033542513847351],
    [3.208085536956787, -1.6448755264282227, -0.6606954336166382],
    [3.3612959384918213, -1.2762020826339722, -0.6486853361129761],
    [3.1032800674438477, -1.8338159322738647, -0.6909147500991821],
    [3.2760260105133057, -1.249316930770874, -0.606301486492157],
    [2.895704507827759, -1.571054220199585, -0.7093017101287842],
    [3.2914180755615234, -1.2378183603286743, -0.6596131324768066],
    [3.2989320755004883, -1.5198988914489746, -0.663846492767334],
    [3.511756181716919, -1.3440451622009277, -0.6447807550430298],
    [3.5769705772399902, -1.5175058841705322, -0.6123940944671631],
    [3.990706205368042, -1.505444884300232, -0.6626572012901306],
    [4.714357852935791, -1.4499481916427612, -0.5925382375717163],
    [7.069466590881348, -2.1250336170196533, -0.6727191209793091],
    [4.645017623901367, -1.7688413858413696, -0.626207172870636],
    [5.200344085693359, -1.600698471069336, -0.7123407125473022],
    [5.2107672691345215, -1.4229588508605957, -0.7785536050796509],
    [4.016139984130859, -1.495574951171875, -0.5496048927307129],
    [4.093783378601074, -0.8048359751701355, -0.5454659461975098],
    [3.7746598720550537, -1.3533703088760376, -0.4680559039115906],
    [3.7848703861236572, -0.9879967570304871, -0.4988883137702942],
    [3.7821474075317383, -1.2258152961730957, -0.5329594016075134],
    [3.826037883758545, -0.8163316249847412, -0.6067302227020264],
    [3.6018834114074707, -0.847103476524353, -0.5526681542396545],
    [3.4950172901153564, -0.7027375102043152, -0.5593446493148804],
    [3.626339912414551, -1.131284236907959, -0.6240752935409546],
    [3.697420835494995, -1.0350919961929321, -0.6390777826309204],
    [4.151105880737305, -1.6467993259429932, -0.5827574133872986],
    [4.7239155769348145, -1.4545769691467285, -0.6387696862220764],
    [13.353714942932129, 0.43081966042518616, -0.6637200117111206],
    [12.624726295471191, -0.6138908863067627, -0.6191592216491699],
    [12.212237358093262, -0.3648611605167389, -0.7185038328170776],
    [5.146435737609863, -1.5443580150604248, -0.6934511065483093],
    [5.165633201599121, -1.4680156707763672, -0.6705470085144043],
    [4.166952610015869, -1.4888806343078613, -0.5690954923629761],
    [4.421848773956299, -1.0645874738693237, -0.5018481016159058],
    [4.388441562652588, -0.8558894991874695, -0.5571566224098206],
    [4.3769917488098145, -0.5175196528434753, -0.5119336247444153],
    [4.28957462310791, -0.5629963278770447, -0.551371693611145],
    [3.9440486431121826, -0.35106948018074036, -0.5174494385719299],
    [4.3831000328063965, -0.2912379503250122, -0.6303434371948242],
    [3.58636736869812, -0.20859844982624054, -0.6037827730178833],
    [3.536367177963257, -0.8945818543434143, -0.597734808921814],
    [3.8386378288269043, -1.0687947273254395, -0.5844157934188843],
    [4.278841495513916, -1.4074833393096924, -0.6459917426109314],
    [9.632524490356445, -0.6974948048591614, -0.743532121181488],
    [7.741787433624268, -1.7126410007476807, -0.6315130591392517],
    [4.552462100982666, -1.737769365310669, -0.5657971501350403],
    [5.203558444976807, -1.593937873840332, -0.6027743816375732],
    [5.1385626792907715, -1.5177196264266968, -0.5236420035362244],
    [4.044702053070068, -1.449889898300171, -0.5909213423728943],
    [4.25960636138916, -1.3391557931900024, -0.5070456266403198],
    [4.393824100494385, -0.5092052221298218, -0.6020187735557556],
    [4.298346042633057, -0.9526246190071106, -0.5936001539230347],
    [4.206686496734619, -0.7981888651847839, -0.6124863028526306],
    [4.167864799499512, -0.7510492205619812, -0.5501968860626221],
    [4.0022711753845215, -0.5082230567932129, -0.6219031810760498],
    [4.033844470977783, -0.44298505783081055, -0.6006849408149719],
    [3.952319622039795, -0.6991680264472961, -0.5581190586090088],
    [4.1136298179626465, -0.3133878707885742, -0.5371701717376709],
    [3.5276076793670654, -0.3596746623516083, -0.5621035695075989],
    [3.490952491760254, -0.49243396520614624, -0.5469397306442261],
    [3.7677559852600098, -0.9231690168380737, -0.6332093477249146],
    [4.485422134399414, -1.4077861309051514, -0.7187522649765015],
    [12.105469703674316, 0.07667005062103271, -0.7351585030555725],
    [11.304035186767578, -0.5156757235527039, -0.6581230163574219],
    [11.247401237487793, -0.6617037653923035, -0.6340065002441406],
    [5.141863822937012, -1.4908140897750854, -0.6512812376022339],
    [5.169563293457031, -1.4736523628234863, -0.5207539200782776],
    [4.424081802368164, -1.6568154096603394, -0.5740479230880737],
    [4.503054618835449, -1.3984534740447998, -0.5809621810913086],
    [4.404458522796631, -1.2658714056015015, -0.6032114028930664],
    [4.422526836395264, -0.9658631086349487, -0.6306898593902588],
    [4.047914505004883, -1.0759168863296509, -0.68763667345047],
    [4.049721717834473, -0.9562822580337524, -0.5950590968132019],
    [3.7445054054260254, -1.1524077653884888, -0.6196825504302979],
    [3.96508526802063, -0.8695611357688904, -0.6065134406089783],
    [3.4064340591430664, -1.262573003768921, -0.6426564455032349],
    [3.8118197917938232, -0.8316649198532104, -0.5934863090515137],
    [3.1200854778289795, -0.9608160257339478, -0.5880215167999268],
    [3.7433080673217773, -0.7679581642150879, -0.5765399932861328],
    [2.596785306930542, -1.3382426500320435, -0.6523474454879761],
    [4.017020225524902, -1.1555646657943726, -0.6081070303916931],
    [3.355637550354004, -1.9117164611816406, -0.6530682444572449],
    [6.099143981933594, -1.7845306396484375, -0.6776899099349976],
    [4.774804592132568, -1.7363321781158447, -0.6123039722442627],
    [5.121337890625, -1.5788859128952026, -0.6606547832489014],
    [5.089866638183594, -1.5355842113494873, -0.5558561682701111],
    [4.6817827224731445, -1.9068458080291748, -0.6393327713012695],
    [4.567802906036377, -1.584274411201477, -0.623276948928833],
    [4.746245861053467, -1.416881799697876, -0.6583355069160461],
    [4.479185581207275, -1.6760032176971436, -0.7091681361198425],
    [4.635426044464111, -1.5822768211364746, -0.7484095096588135],
    [4.45915412902832, -1.8503445386886597, -0.7631412148475647],
    [4.7090163230896, -1.7476788759231567, -0.7276633977890015],
    [4.347433090209961, -1.9814609289169312, -0.7090023159980774],
    [4.461005210876465, -1.9780769348144531, -0.6791015863418579],
    [4.1942362785339355, -2.0478267669677734, -0.7271421551704407],
    [4.272294998168945, -1.8243253231048584, -0.6974883079528809],
    [4.078113555908203, -1.9344894886016846, -0.7629925012588501],
    [4.338736534118652, -1.870834231376648, -0.6723517775535583],
    [4.528695583343506, -1.8257917165756226, -0.6577578186988831],
    [6.362816333770752, -1.900124430656433, -0.7397452592849731],
    [6.382735252380371, -1.6041043996810913, -0.7095268368721008],
    [5.104781627655029, -1.5658094882965088, -0.669948935508728],
    [5.201756000518799, -1.5608289241790771, -0.6473852396011353]
]
