[
    [4.217896461486816, -1.8302744626998901, -0.6217183470726013],
    [5.126141548156738, -1.4317524433135986, -0.4973202347755432],
    [5.028994083404541, -1.4105885028839111, -0.5912348031997681],
    [5.072168827056885, -1.295164704322815, -0.6046054363250732],
    [4.2990922927856445, -1.8238646984100342, -0.571006715297699],
    [4.3573527336120605, -1.6417338848114014, -0.536102831363678],
    [4.279260635375977, -1.7003676891326904, -0.5659884810447693],
    [4.247457981109619, -1.8832789659500122, -0.6103255748748779],
    [4.367781639099121, -1.995406985282898, -0.5382547974586487],
    [4.391866683959961, -1.9025768041610718, -0.6003784537315369],
    [4.302240371704102, -1.9180324077606201, -0.6343581080436707],
    [3.948680877685547, -2.0564124584198, -0.5726454854011536],
    [4.11083984375, -1.849478840827942, -0.6022719740867615],
    [4.1832499504089355, -2.1637558937072754, -0.4806036353111267],
    [4.000439643859863, -2.1391727924346924, -0.5233513712882996],
    [5.678938865661621, -1.3436756134033203, -0.5009092688560486],
    [5.221345901489258, -1.496749997138977, -0.5711667537689209],
    [5.044325828552246, -1.5473129749298096, -0.5645622611045837],
    [4.254148483276367, -1.5162333250045776, -0.5119096040725708],
    [4.538202285766602, -1.7805476188659668, -0.545050323009491],
    [6.335057735443115, -0.9381019473075867, -0.6167812943458557],
    [6.539443016052246, -0.8686191439628601, -0.5273516774177551],
    [5.18128776550293, -1.5394136905670166, -0.6058045625686646],
    [5.357470989227295, -1.4078097343444824, -0.5992166996002197],
    [4.017271995544434, -1.9128104448318481, -0.6074503064155579],
    [4.0504937171936035, -1.6871951818466187, -0.5596497058868408],
    [4.304772853851318, -1.7848174571990967, -0.5683177709579468],
    [4.238389492034912, -1.8735905885696411, -0.6199794411659241],
    [4.300280570983887, -2.0173981189727783, -0.5807234048843384],
    [4.339311599731445, -1.7705289125442505, -0.6294381618499756],
    [6.3048176765441895, -0.8430643677711487, -0.6809608936309814],
    [4.525945663452148, -1.7949087619781494, -0.5603770613670349],
    [6.242558002471924, -0.15345729887485504, -0.6009443998336792],
    [6.280411720275879, -0.7639158368110657, -0.6258335709571838],
    [4.699100971221924, 3.2631170749664307, -0.5860699415206909],
    [2.106078624725342, 2.306899070739746, -0.6171444654464722],
    [7.526278018951416, -0.6795031428337097, -0.587119460105896],
    [5.469126224517822, -1.4811618328094482, -0.6437912583351135],
    [5.286922454833984, -1.3418141603469849, -0.5713204145431519],
    [4.272976398468018, -1.804329514503479, -0.5936726927757263],
    [4.156294822692871, -1.8275591135025024, -0.5325542688369751],
    [7.168211936950684, -0.3844889998435974, -0.6537509560585022],
    [9.288993835449219, 0.6499231457710266, -0.676113486289978],
    [5.45313024520874, 3.877786159515381, -0.6510961055755615],
    [8.547623634338379, 0.6512236595153809, -0.6083810329437256],
    [5.373213291168213, -1.3894908428192139, -0.5982779860496521],
    [5.3827972412109375, -1.2894830703735352, -0.587724506855011],
    [4.153210163116455, -1.8692739009857178, -0.6373760104179382],
    [4.210505962371826, -1.767105221748352, -0.6187012195587158],
    [4.167868614196777, -1.8946664333343506, -0.5102762579917908],
    [4.387657642364502, -1.8901540040969849, -0.5133436918258667],
    [4.651597499847412, -1.6079355478286743, -0.5827099084854126],
    [4.648957252502441, -1.4342247247695923, -0.5512015223503113],
    [4.581509113311768, -1.4461125135421753, -0.5668790340423584],
    [4.95892333984375, -1.508604645729065, -0.5811724662780762],
    [7.128421783447266, -0.08454278111457825, -0.6421003937721252],
    [7.582614898681641, -0.0765417218208313, -0.6906132698059082],
    [6.34913444519043, 5.25018310546875, -0.5962479710578918],
    [4.675680160522461, 3.5222089290618896, -0.551611602306366],
    [9.780409812927246, 1.5014207363128662, -0.5389530658721924],
    [5.4607319831848145, -1.4512959718704224, -0.603534460067749],
    [5.307164669036865, -1.2472189664840698, -0.6123757362365723],
    [4.133530139923096, -1.8936039209365845, -0.6453484892845154],
    [5.473864555358887, -1.4533416032791138, -0.5956905484199524],
    [7.092234134674072, -0.829872190952301, -0.6141762733459473],
    [7.808834075927734, -0.31141728162765503, -0.6722531914710999],
    [7.361326217651367, -0.1670878827571869, -0.6095405220985413],
    [5.450401306152344, -1.3269522190093994, -0.6043256521224976],
    [5.52237606048584, -1.2165170907974243, -0.6231229901313782],
    [4.075815677642822, -1.8626155853271484, -0.6413465142250061],
    [4.396286964416504, -1.9599348306655884, -0.4525379538536072],
    [4.723794937133789, -1.5767428874969482, -0.522561252117157],
    [5.191795825958252, -1.2358872890472412, -0.6231134533882141],
    [5.376154899597168, -1.0692613124847412, -0.5668020844459534],
    [8.963610649108887, 2.091703414916992, -0.5520229339599609],
    [7.331085681915283, -0.3753124177455902, -0.5879092216491699],
    [10.250447273254395, 3.833812952041626, -0.5864524841308594],
    [5.964546203613281, 5.031070232391357, -0.5994635224342346],
    [10.077876091003418, 2.6452817916870117, -0.6161156892776489],
    [5.526849269866943, -1.400148868560791, -0.5962916016578674],
    [5.333844184875488, -1.3114697933197021, -0.5843061804771423],
    [5.406460285186768, -1.238312840461731, -0.5798905491828918],
    [5.6488471031188965, -1.0970183610916138, -0.5410105586051941],
    [6.805328369140625, -1.008036732673645, -0.5804369449615479],
    [10.323675155639648, 2.803635835647583, -0.6726465225219727],
    [6.990194797515869, 7.605322360992432, -0.6752193570137024],
    [9.029229164123535, 1.4253770112991333, -0.6264007687568665],
    [5.5862579345703125, -1.203404188156128, -0.6476333141326904],
    [5.555197238922119, -1.0363103151321411, -0.6162073612213135],
    [4.134696006774902, -1.7502810955047607, -0.64499831199646],
    [4.922355651855469, -1.490074872970581, -0.5754390358924866],
    [5.88538122177124, -0.9224663972854614, -0.5619021058082581],
    [5.676693439483643, -0.8952091336250305, -0.6000776886940002],
    [9.366552352905273, 2.770169734954834, -0.5746209621429443],
    [7.183256149291992, -0.5148043632507324, -0.5631157159805298],
    [10.71028995513916, 5.8474555015563965, -0.5665156245231628],
    [6.819514751434326, 7.30435037612915, -0.5281350612640381],
    [10.803946495056152, 4.167888641357422, -0.5081415176391602],
    [5.589852809906006, -1.4164165258407593, -0.6166306734085083],
    [5.311686992645264, -1.352415919303894, -0.6367262005805969],
    [4.245736598968506, -1.6543961763381958, -0.6061186194419861],
    [4.594621658325195, -1.6247740983963013, -0.6223727464675903],
    [5.828251838684082, -0.8454369902610779, -0.6481903791427612],
    [5.7821574211120605, -0.9119586944580078, -0.6056436896324158],
    [7.136455059051514, -0.9573538303375244, -0.5825896263122559],
    [7.7491044998168945, -0.10092908143997192, -0.5805482268333435],
    [5.882619380950928, -1.580116868019104, -0.5258775353431702],
    [7.549537181854248, -0.17941159009933472, -0.6411202549934387],
    [5.535701751708984, -1.3693089485168457, -0.6116042137145996],
    [5.623342514038086, -1.2688502073287964, -0.6549482345581055],
    [4.034950256347656, -1.753841757774353, -0.6072803735733032],
    [4.065968990325928, -1.707085132598877, -0.6535380482673645],
    [4.1398024559021, -1.7423441410064697, -0.6484765410423279],
    [4.078371524810791, -1.3506742715835571, -0.585273265838623],
    [4.905608654022217, -1.6063657999038696, -0.610625147819519],
    [5.479139804840088, -1.2717719078063965, -0.6475295424461365],
    [5.666007041931152, -0.9541352987289429, -0.6897180080413818],
    [9.745347023010254, 3.783798933029175, -0.5847999453544617],
    [7.125505447387695, -0.5315832495689392, -0.5344479084014893],
    [10.317375183105469, 7.119729042053223, -0.3278823494911194],
    [6.85087776184082, 7.988566875457764, -0.45515182614326477],
    [10.74205207824707, 5.168658256530762, -0.5024369359016418],
    [5.692956447601318, -1.4618419408798218, -0.6504334211349487],
    [5.399836540222168, -1.375075101852417, -0.6177514791488647],
    [4.218700885772705, -1.6347599029541016, -0.6193392872810364],
    [4.334422588348389, -1.191823124885559, -0.6352644562721252],
    [4.929671287536621, -1.8486167192459106, -0.6546287536621094],
    [5.249314308166504, -1.8348177671432495, -0.5787296295166016],
    [7.2574687004089355, -0.9730467796325684, -0.5640663504600525],
    [10.491700172424316, 5.372193336486816, -0.5666208267211914],
    [6.294328212738037, 6.203078746795654, -0.5912486910820007],
    [7.747719764709473, 0.051350608468055725, -0.5640199780464172],
    [5.542656421661377, -1.5150244235992432, -0.6284732818603516],
    [5.674736499786377, -1.4238263368606567, -0.656241238117218],
    [4.047449111938477, -1.6706477403640747, -0.6454553008079529],
    [3.96612286567688, -1.5731697082519531, -0.5327258110046387],
    [3.8179361820220947, -1.465756893157959, -0.5762156248092651],
    [3.9342422485351562, -1.199867844581604, -0.7092353701591492],
    [4.23386287689209, -1.2836161851882935, -0.5863523483276367],
    [4.008693695068359, -1.1638048887252808, -0.5908920764923096],
    [4.246788024902344, 0.3111991286277771, -0.6123461723327637],
    [3.7722413539886475, 2.7000086307525635, -0.593540608882904],
    [4.584768772125244, -2.268056869506836, -0.6562924385070801],
    [8.703262329101562, 2.230731725692749, -0.5758387446403503],
    [7.293308734893799, -0.5872119069099426, -0.625889241695404],
    [10.408730506896973, 7.433051109313965, -0.4018867015838623],
    [10.134889602661133, 7.846622943878174, -0.448453813791275],
    [10.698028564453125, 5.434001445770264, -0.6032780408859253],
    [5.642020225524902, -1.519554615020752, -0.6376795172691345],
    [5.504638195037842, -1.3980861902236938, -0.6249472498893738],
    [4.180511474609375, -1.78505539894104, -0.6408771872520447],
    [3.8848445415496826, -1.6746808290481567, -0.6194259524345398],
    [2.2032694816589355, 1.4556983709335327, -0.7282432317733765],
    [3.9541373252868652, 0.035027459263801575, -0.6633214950561523],
    [7.356822490692139, -0.7505276203155518, -0.5773038268089294],
    [7.8424458503723145, -0.129920095205307, -0.5977012515068054],
    [6.126491069793701, -1.9063901901245117, -0.563908576965332],
    [6.993083477020264, -0.7518817782402039, -0.5893850326538086],
    [5.662524700164795, -1.6144003868103027, -0.6677702069282532],
    [5.76186466217041, -1.503321647644043, -0.663506031036377],
    [3.997144937515259, -1.587735652923584, -0.6080543398857117],
    [3.7941386699676514, -1.3860431909561157, -0.5621834993362427],
    [4.008798599243164, -1.1330516338348389, -0.6482096314430237],
    [3.3039934635162354, 1.72660493850708, -0.7175577878952026],
    [3.7998600006103516, -0.252971887588501, -0.7331027984619141],
    [3.8915252685546875, -0.7265082001686096, -0.6340358853340149],
    [3.5994861125946045, 2.798624277114868, -0.5413177609443665],
    [7.46347188949585, 0.8074029684066772, -0.5725013613700867],
    [7.148416519165039, -0.6515360474586487, -0.6002048850059509],
    [10.301980018615723, 6.405011177062988, -0.4889909029006958],
    [10.413141250610352, 7.668217658996582, -0.47994571924209595],
    [9.949200630187988, 2.668724536895752, -0.5272585153579712],
    [5.637803077697754, -1.5190694332122803, -0.6482122540473938],
    [5.405261993408203, -1.3827873468399048, -0.6631653308868408],
    [4.221888065338135, -1.4607409238815308, -0.5829048156738281],
    [4.104544639587402, -1.2739053964614868, -0.5131096839904785],
    [2.8357229232788086, 1.604656457901001, -0.7903257012367249],
    [3.972031593322754, -0.28068771958351135, -0.6586363911628723],
    [6.668072700500488, -0.8882660865783691, -0.47386959195137024],
    [9.617850303649902, 4.476221084594727, -0.5278334617614746],
    [5.797699928283691, 4.8624162673950195, -0.6596691608428955],
    [5.312807083129883, -1.5763198137283325, -0.5778331756591797],
    [5.390096664428711, -1.4701032638549805, -0.6765925288200378],
    [5.7195916175842285, -1.4005639553070068, -0.6374374628067017],
    [4.010392189025879, -1.4654823541641235, -0.5942112803459167],
    [4.182030200958252, -1.0923378467559814, -0.5359127521514893],
    [3.8740687370300293, -0.8689163327217102, -0.6094297170639038],
    [4.28709077835083, -0.7737956047058105, -0.5578944087028503],
    [4.42631721496582, -0.2135479748249054, -0.6693518161773682],
    [3.968191146850586, -0.6971814036369324, -0.6971838474273682],
    [3.8517355918884277, 2.975964307785034, -0.5776201486587524],
    [7.259389400482178, 1.3291224241256714, -0.6175486445426941],
    [6.202756881713867, -0.7243597507476807, -0.5737115740776062],
    [9.815187454223633, 5.358330249786377, -0.5126949548721313],
    [10.152960777282715, 6.187624931335449, -0.5939697623252869],
    [9.364574432373047, 1.4570353031158447, -0.5989797115325928],
    [5.570472240447998, -1.5268843173980713, -0.6647289395332336],
    [5.462170124053955, -1.437828540802002, -0.6225771903991699],
    [4.3492960929870605, -1.6579902172088623, -0.5919275879859924],
    [4.209578990936279, -1.4716358184814453, -0.5938992500305176],
    [3.843677520751953, -1.3721853494644165, -0.7319678068161011],
    [2.308295965194702, 1.4110726118087769, -0.6885421276092529],
    [4.127476215362549, -1.1312744617462158, -0.6699854135513306],
    [1.9963968992233276, 2.097914695739746, -0.6026896238327026],
    [4.475223541259766, -1.8517848253250122, -0.6530414819717407],
    [6.585516452789307, -1.3047295808792114, -0.6352645754814148],
    [5.118391036987305, -1.7430121898651123, -0.596747100353241],
    [5.483317852020264, -1.4813519716262817, -0.6882658004760742],
    [5.603031635284424, -1.4158800840377808, -0.5954627394676208],
    [4.514495849609375, -1.3450343608856201, -0.6209034323692322],
    [4.556140899658203, -1.6178936958312988, -0.6928987503051758],
    [4.538712501525879, -2.291463613510132, -0.6722477078437805],
    [4.4193596839904785, -2.269744634628296, -0.632774829864502],
    [4.277841091156006, -1.6782740354537964, -0.7162765264511108],
    [4.356466293334961, -1.6139239072799683, -0.6346695423126221],
    [4.826491832733154, -2.091627359390259, -0.7118397355079651],
    [6.294658660888672, -1.0205254554748535, -0.6787540912628174],
    [6.476918697357178, -1.0786833763122559, -0.6810826659202576],
    [6.329360485076904, -1.3058587312698364, -0.7132651805877686],
    [5.546968460083008, -1.543765664100647, -0.6878170371055603],
    [5.576111793518066, -1.5609164237976074, -0.6872633695602417],
    [4.0095977783203125, -1.6528282165527344, -0.5354671478271484],
    [4.199862480163574, -1.589977741241455, -0.574217677116394],
    [2.0948429107666016, -2.2256882190704346, -0.5103328824043274],
    [4.267234802246094, -1.8633252382278442, -0.5860996842384338],
    [1.703444242477417, -2.364875555038452, -0.5024524927139282],
    [3.889716863632202, -1.7989252805709839, -0.5301743745803833],
    [2.0888381004333496, -2.2840170860290527, -0.5556882619857788],
    [1.6373984813690186, -2.3143231868743896, -0.5296083092689514],
    [4.258857727050781, -1.7397452592849731, -0.5868960618972778],
    [3.951502561569214, -1.8832411766052246, -0.5670028924942017],
    [5.155827522277832, -1.3063715696334839, -0.4955807626247406],
    [5.0504021644592285, -1.3094829320907593, -0.5647866725921631],
    [4.2687883377075195, -1.738952875137329, -0.5692245960235596],
    [4.305418014526367, -1.6181598901748657, -0.5122140049934387],
    [4.1832780838012695, -1.5847142934799194, -0.5620468258857727],
    [4.240171909332275, -1.658898949623108, -0.5645543336868286],
    [4.244009017944336, -1.6857787370681763, -0.5571068525314331],
    [4.217844009399414, -1.8084102869033813, -0.6002919673919678],
    [4.352188587188721, -1.905529260635376, -0.5449053049087524],
    [4.329686164855957, -1.9086625576019287, -0.532821774482727],
    [4.329067230224609, -1.8710097074508667, -0.5368375182151794],
    [4.351011276245117, -1.8206095695495605, -0.564124345779419],
    [4.1061201095581055, -1.950960397720337, -0.5607360005378723],
    [4.2936553955078125, -1.884403944015503, -0.6143258810043335],
    [3.884204626083374, -2.0801944732666016, -0.5636507272720337],
    [4.101739406585693, -1.9481366872787476, -0.5934126973152161],
    [3.986011028289795, -1.7889872789382935, -0.558880627155304],
    [4.047236919403076, -2.0516796112060547, -0.498374342918396],
    [4.017317771911621, -1.9563707113265991, -0.5084284543991089],
    [5.3730645179748535, -1.278650164604187, -0.5011282563209534],
    [5.1762309074401855, -1.412507176399231, -0.5690270066261292],
    [5.0390167236328125, -1.5507985353469849, -0.5646209120750427],
    [4.029017448425293, -1.805406928062439, -0.5804997682571411],
    [4.0822954177856445, -1.5756596326828003, -0.5276779532432556],
    [4.128149032592773, -1.4587972164154053, -0.5604298114776611],
    [4.205293655395508, -1.4459887742996216, -0.5104256868362427],
    [4.111172676086426, -1.7654995918273926, -0.5764982104301453],
    [4.234846115112305, -1.763997197151184, -0.5641819834709167],
    [4.29416561126709, -2.043757438659668, -0.5533974766731262],
    [4.212332725524902, -1.8239818811416626, -0.5170766711235046],
    [4.352201461791992, -2.1056618690490723, -0.5649437308311462],
    [4.405513286590576, -1.9530785083770752, -0.5627993941307068],
    [4.3503947257995605, -1.9872547388076782, -0.6357037425041199],
    [4.268406867980957, -2.024179458618164, -0.6218660473823547],
    [4.502798080444336, -1.8580050468444824, -0.584359884262085],
    [4.394470691680908, -1.8527860641479492, -0.5510066151618958],
    [6.133933067321777, -0.9937297701835632, -0.6027591228485107],
    [6.515334129333496, -0.870891273021698, -0.528708279132843],
    [5.230220794677734, -1.473519206047058, -0.5781221985816956],
    [5.32875394821167, -1.3530772924423218, -0.5856260061264038],
    [4.003071308135986, -1.692929744720459, -0.5532951951026917],
    [4.123124122619629, -1.5236142873764038, -0.581314742565155],
    [4.249306678771973, -1.7942920923233032, -0.5564165115356445],
    [4.113068580627441, -1.8660862445831299, -0.5525255799293518],
    [4.158768177032471, -1.8786940574645996, -0.6239563226699829],
    [4.1673407554626465, -2.0123085975646973, -0.5597448348999023],
    [4.28664493560791, -1.9753795862197876, -0.5800474882125854],
    [4.194192886352539, -1.8445141315460205, -0.5827627182006836],
    [4.28090763092041, -1.7239131927490234, -0.613319456577301],
    [4.252060413360596, -1.6877838373184204, -0.5755969285964966],
    [6.266768932342529, -0.8388521671295166, -0.6500940322875977],
    [4.543866157531738, -1.6825839281082153, -0.5467161536216736],
    [6.410100936889648, -0.817550778388977, -0.5935788750648499],
    [6.336520671844482, -0.8449786901473999, -0.644213855266571],
    [6.595609664916992, -1.1780011653900146, -0.6004534363746643],
    [4.1616902351379395, -2.2833738327026367, -0.5883064866065979],
    [6.852957725524902, -1.0804203748703003, -0.5721277594566345],
    [5.441637992858887, -1.3926008939743042, -0.6421932578086853],
    [5.24789571762085, -1.4198009967803955, -0.5754573941230774],
    [4.108098030090332, -1.891364336013794, -0.586528480052948],
    [4.22147274017334, -1.7220762968063354, -0.5803982615470886],
    [4.253124713897705, -1.6758190393447876, -0.5714352130889893],
    [4.1251606941223145, -1.7764724493026733, -0.5497017502784729],
    [3.9621024131774902, -1.8253235816955566, -0.5205533504486084],
    [4.063343524932861, -1.8553959131240845, -0.5458166599273682],
    [4.259176731109619, -1.9109066724777222, -0.5447549223899841],
    [4.352874755859375, -1.824225664138794, -0.5264922976493835],
    [4.3522748947143555, -1.6779602766036987, -0.5692394375801086],
    [4.437952995300293, -1.5355592966079712, -0.5559304356575012],
    [4.420960903167725, -1.6011382341384888, -0.5913612842559814],
    [4.519293785095215, -1.6915760040283203, -0.563312828540802],
    [4.62269401550293, -1.8074088096618652, -0.5784320831298828],
    [4.82521390914917, -1.649392008781433, -0.5631603598594666],
    [8.925872802734375, 0.37168368697166443, -0.6568756103515625],
    [8.300538063049316, 0.5221788883209229, -0.6106545329093933],
    [5.395272731781006, -1.384880781173706, -0.5639632344245911],
    [5.353787422180176, -1.2188838720321655, -0.5853291749954224],
    [4.125947952270508, -1.869802474975586, -0.6430543065071106],
    [4.156479358673096, -1.7642393112182617, -0.6144016981124878],
    [4.126591682434082, -1.7305793762207031, -0.6583455204963684],
    [4.11017370223999, -1.9204609394073486, -0.5861430764198303],
    [4.02663516998291, -1.8539360761642456, -0.6310255527496338],
    [4.094343662261963, -1.8126493692398071, -0.5009878873825073],
    [4.211382865905762, -1.9932522773742676, -0.49098965525627136],
    [4.3333516120910645, -1.8243932723999023, -0.48196086287498474],
    [4.434661388397217, -1.7395964860916138, -0.5470231771469116],
    [4.612037181854248, -1.5751136541366577, -0.5516600012779236],
    [4.630173206329346, -1.3702850341796875, -0.518245279788971],
    [4.592428684234619, -1.4200217723846436, -0.5132946968078613],
    [4.9549078941345215, -1.437901258468628, -0.5607751607894897],
    [7.119297027587891, -0.2059137374162674, -0.5971124172210693],
    [7.644779205322266, -0.24273867905139923, -0.6684120893478394],
    [9.517561912536621, 0.9638992547988892, -0.6346133947372437],
    [6.154191017150879, -1.5240875482559204, -0.5123411417007446],
    [9.272717475891113, 0.7391171455383301, -0.546730637550354],
    [5.452575206756592, -1.3758761882781982, -0.60748690366745],
    [5.257395267486572, -1.3261520862579346, -0.6144930124282837],
    [4.06141996383667, -1.8224422931671143, -0.6362360119819641],
    [4.102669715881348, -1.8120472431182861, -0.6342618465423584],
    [3.9835166931152344, -1.9140443801879883, -0.6353475451469421],
    [4.007165431976318, -2.0019140243530273, -0.5988283157348633],
    [3.847404956817627, -1.976016640663147, -0.6695807576179504],
    [3.9546873569488525, -1.960989236831665, -0.6117991805076599],
    [4.3757100105285645, -1.9392669200897217, -0.5372795462608337],
    [4.189409255981445, -1.8705825805664062, -0.511656641960144],
    [4.629786014556885, -1.692196011543274, -0.5312269926071167],
    [4.507383823394775, -1.6388802528381348, -0.5164758563041687],
    [4.786168098449707, -1.6291935443878174, -0.5513594746589661],
    [4.665731430053711, -1.5078703165054321, -0.5025387406349182],
    [5.125370025634766, -1.4959454536437988, -0.5620995759963989],
    [5.488290309906006, -1.4600125551223755, -0.5595653653144836],
    [7.636078357696533, -0.433303564786911, -0.6389674544334412],
    [7.208882808685303, -0.2812294065952301, -0.5853755474090576],
    [5.472118377685547, -1.4097262620925903, -0.5851541757583618],
    [4.0722832679748535, -1.8356001377105713, -0.6372509598731995],
    [4.164866924285889, -1.875425934791565, -0.637694776058197],
    [3.816589832305908, -1.7662100791931152, -0.6349061727523804],
    [4.025777816772461, -2.211254596710205, -0.5572848320007324],
    [3.9196343421936035, -2.049057960510254, -0.6270196437835693],
    [4.08267068862915, -2.027243137359619, -0.5678549408912659],
    [4.017208099365234, -1.8617291450500488, -0.5903175473213196],
    [4.310330390930176, -1.7937191724777222, -0.4379531741142273],
    [4.327993392944336, -1.7937172651290894, -0.5580052137374878],
    [4.699802875518799, -1.5017532110214233, -0.4750376343727112],
    [4.806375026702881, -1.2952756881713867, -0.5352383852005005],
    [5.183547019958496, -1.2493031024932861, -0.5356977581977844],
    [5.343324661254883, -1.0994991064071655, -0.5418576002120972],
    [8.833274841308594, 1.7933015823364258, -0.522527813911438],
    [7.384413242340088, -0.528839111328125, -0.5864107012748718],
    [9.962447166442871, 2.7853825092315674, -0.5259900093078613],
    [7.176440238952637, -0.4952704906463623, -0.6131680011749268],
    [9.621970176696777, 1.6248326301574707, -0.6111382246017456],
    [5.515563011169434, -1.3377066850662231, -0.608881413936615],
    [5.305786609649658, -1.3813090324401855, -0.5928735733032227],
    [4.083627223968506, -1.6840511560440063, -0.6483303904533386],
    [3.9568309783935547, -1.78016996383667, -0.5898228883743286],
    [3.795590877532959, -1.9366135597229004, -0.5905372500419617],
    [3.883941650390625, -2.0573060512542725, -0.6100574135780334],
    [3.971409320831299, -1.9646937847137451, -0.637688159942627],
    [3.835418224334717, -1.9279367923736572, -0.5947884321212769],
    [4.130082607269287, -1.615694522857666, -0.44591522216796875],
    [3.8264644145965576, -1.8462562561035156, -0.5487499833106995],
    [4.213813304901123, -1.8681581020355225, -0.5639070868492126],
    [4.241024494171143, -1.7563161849975586, -0.5231364965438843],
    [4.909736156463623, -1.4481785297393799, -0.5001345872879028],
    [4.838178634643555, -1.4761887788772583, -0.5475253462791443],
    [5.594643592834473, -1.0970655679702759, -0.5004554390907288],
    [9.64667797088623, 1.8946949243545532, -0.6628988981246948],
    [6.293477535247803, -1.4659849405288696, -0.6483744382858276],
    [8.635442733764648, 1.1024278402328491, -0.6404232978820801],
    [5.633437633514404, -1.2509762048721313, -0.6147485375404358],
    [4.108639240264893, -1.7490895986557007, -0.644757091999054],
    [4.169516086578369, -1.8467148542404175, -0.6531206369400024],
    [3.6251659393310547, -1.750489592552185, -0.5887722969055176],
    [3.853053569793701, -2.1238901615142822, -0.5569467544555664],
    [3.7429473400115967, -2.0238592624664307, -0.63309246301651],
    [3.7893996238708496, -2.0467629432678223, -0.6330786347389221],
    [3.9126574993133545, -1.7384904623031616, -0.5346580743789673],
    [4.089293003082275, -1.6316814422607422, -0.5652779340744019],
    [4.219111442565918, -1.5741078853607178, -0.554045557975769],
    [4.887862682342529, -1.2361273765563965, -0.5833210349082947],
    [4.78734827041626, -1.2998663187026978, -0.5776842832565308],
    [5.960454940795898, -0.809006929397583, -0.5072908401489258],
    [5.571142196655273, -0.758179247379303, -0.5598394870758057],
    [9.16054916381836, 2.2582361698150635, -0.5619593858718872],
    [7.235823154449463, -0.6955257654190063, -0.5382801294326782],
    [10.658496856689453, 4.544020652770996, -0.5731632709503174],
    [9.218462944030762, 1.3170801401138306, -0.5911762714385986],
    [10.610610008239746, 3.411651134490967, -0.5492487549781799],
    [5.5616455078125, -1.3349155187606812, -0.6306073665618896],
    [5.28548526763916, -1.3952475786209106, -0.6410154104232788],
    [4.215507984161377, -1.6582245826721191, -0.6054364442825317],
    [3.9976916313171387, -1.7963043451309204, -0.6450355052947998],
    [3.5817434787750244, -1.9996435642242432, -0.6921911835670471],
    [3.5488672256469727, -2.1553025245666504, -0.5987588763237],
    [3.73211932182312, -2.231245756149292, -0.7164462208747864],
    [3.5201525688171387, -2.1492161750793457, -0.7142229080200195],
    [4.016977310180664, -1.8986191749572754, -0.6951354742050171],
    [3.7176437377929688, -1.5784810781478882, -0.5805351734161377],
    [4.289705753326416, -1.3814247846603394, -0.5695493221282959],
    [4.010422229766846, -1.4081593751907349, -0.564115047454834],
    [4.578689098358154, -1.3603118658065796, -0.5996297001838684],
    [4.568448066711426, -1.3909556865692139, -0.6102510690689087],
    [5.708776473999023, -0.8154794573783875, -0.5719673037528992],
    [7.592923641204834, -0.3082442581653595, -0.5593296885490417],
    [7.344438552856445, -0.3048439919948578, -0.6285845041275024],
    [5.576632976531982, -1.467920184135437, -0.6013329029083252],
    [4.011402606964111, -1.7368457317352295, -0.6031690239906311],
    [4.026363372802734, -1.76127028465271, -0.6380652189254761],
    [3.5113911628723145, -1.6722263097763062, -0.5879096984863281],
    [3.6505484580993652, -2.100982666015625, -0.6753823757171631],
    [3.629021406173706, -2.1748459339141846, -0.6667471528053284],
    [3.768064498901367, -2.2260091304779053, -0.6918013691902161],
    [3.63797926902771, -1.7906094789505005, -0.6810356378555298],
    [4.085063457489014, -1.497023105621338, -0.6765311360359192],
    [4.082993507385254, -1.3633016347885132, -0.6337878704071045],
    [4.8234758377075195, -1.2579134702682495, -0.626732587814331],
    [4.446708679199219, -1.4110218286514282, -0.5932090282440186],
    [5.677907943725586, -0.8757351636886597, -0.6460009813308716],
    [5.642207622528076, -0.7393838167190552, -0.669493556022644],
    [9.581754684448242, 3.4867210388183594, -0.5636717677116394],
    [7.206800937652588, -0.545265793800354, -0.5065724849700928],
    [10.54250431060791, 6.039524078369141, -0.35242924094200134],
    [9.775751113891602, 2.2346138954162598, -0.5562465190887451],
    [10.565911293029785, 3.8535897731781006, -0.5250508785247803],
    [5.629030704498291, -1.3497564792633057, -0.6471850275993347],
    [5.349534511566162, -1.4104077816009521, -0.6096117496490479],
    [4.188835144042969, -1.6199400424957275, -0.6323527097702026],
    [3.9256346225738525, -1.6960817575454712, -0.5842169523239136],
    [3.5683648586273193, -1.5786303281784058, -0.6192886233329773],
    [3.4991374015808105, -1.9982712268829346, -0.6181053519248962],
    [3.369168996810913, -2.0535776615142822, -0.6871143579483032],
    [3.6757166385650635, -1.8251128196716309, -0.734074592590332],
    [4.1369309425354, -1.1153007745742798, -0.6466843485832214],
    [3.8153069019317627, -1.0424495935440063, -0.5543113946914673],
    [4.201773643493652, -1.2275978326797485, -0.6759755611419678],
    [3.9856014251708984, -1.2231261730194092, -0.5991175770759583],
    [4.376615524291992, -1.3749592304229736, -0.625819742679596],
    [4.079565525054932, -1.8850113153457642, -0.6331590414047241],
    [4.9330244064331055, -1.641647458076477, -0.6845821142196655],
    [5.175650119781494, -1.4961403608322144, -0.5566226840019226],
    [6.811080455780029, -0.8600718975067139, -0.5349578261375427],
    [7.6141533851623535, -0.08874370902776718, -0.550912618637085],
    [5.543412208557129, -1.5353915691375732, -0.6047579050064087],
    [5.641626834869385, -1.3138601779937744, -0.6422221660614014],
    [4.006567478179932, -1.66356360912323, -0.641270101070404],
    [3.9459214210510254, -1.604435920715332, -0.5200845003128052],
    [3.5834970474243164, -1.4922417402267456, -0.5516369938850403],
    [3.5764687061309814, -1.8023625612258911, -0.5917529463768005],
    [3.415435791015625, -2.163607120513916, -0.7174601554870605],
    [4.096428394317627, -1.468607783317566, -0.6971333026885986],
    [4.290412902832031, -1.3139994144439697, -0.5536884665489197],
    [3.9789726734161377, -1.1876651048660278, -0.5824057459831238],
    [4.220486640930176, -1.5767713785171509, -0.5544763803482056],
    [4.663079261779785, -1.8251992464065552, -0.7027519345283508],
    [8.764410018920898, 1.7616726160049438, -0.5799031853675842],
    [7.315473556518555, -0.4964624047279358, -0.5953389406204224],
    [10.591407775878906, 6.18314790725708, -0.4474736452102661],
    [9.871209144592285, 2.4616053104400635, -0.4815064072608948],
    [10.673026084899902, 4.579135894775391, -0.6654266119003296],
    [5.589414596557617, -1.4446157217025757, -0.6441516876220703],
    [5.441154479980469, -1.3815972805023193, -0.6187493801116943],
    [4.163139820098877, -1.7895996570587158, -0.6390649676322937],
    [3.8246138095855713, -1.690770149230957, -0.613588809967041],
    [3.3789122104644775, -1.593298077583313, -0.5857342481613159],
    [3.241548776626587, -2.23065185546875, -0.6688363552093506],
    [2.270508289337158, -2.429668426513672, -0.7190651893615723],
    [3.188490867614746, -1.9736149311065674, -0.7913321852684021],
    [2.714607000350952, -1.9030944108963013, -0.7457224130630493],
    [3.4979968070983887, -0.9742348790168762, -0.5995375514030457],
    [3.661329984664917, -1.4465253353118896, -0.5778805613517761],
    [3.7939422130584717, -1.9972937107086182, -0.5811740159988403],
    [4.202090740203857, -2.0875139236450195, -0.6426140069961548],
    [4.021097183227539, -1.9456673860549927, -0.6417692303657532],
    [7.744227886199951, -0.2578001320362091, -0.57371586561203],
    [6.85529899597168, -0.8861443996429443, -0.5800381302833557],
    [5.617475986480713, -1.6452975273132324, -0.6512354612350464],
    [3.9941370487213135, -1.5494928359985352, -0.5954948663711548],
    [3.7725796699523926, -1.4568219184875488, -0.5643771290779114],
    [3.6219379901885986, -1.184141993522644, -0.575336217880249],
    [3.479245662689209, -1.7141493558883667, -0.6643728613853455],
    [3.6880102157592773, -2.056455135345459, -0.7957077026367188],
    [3.818509578704834, -1.637402057647705, -0.7978461384773254],
    [4.082156181335449, -0.8105453848838806, -0.7293306589126587],
    [3.5675907135009766, -0.9120810031890869, -0.6068061590194702],
    [3.8522379398345947, -1.682337760925293, -0.6502979397773743],
    [2.3874433040618896, -2.413766622543335, -0.5479187369346619],
    [3.845433235168457, -1.9890450239181519, -0.6116525530815125],
    [7.987729549407959, 0.6005104780197144, -0.5907173156738281],
    [7.072296142578125, -0.5266865491867065, -0.5796059370040894],
    [10.56873893737793, 5.535470962524414, -0.5110106468200684],
    [10.661036491394043, 2.3633291721343994, -0.5300909876823425],
    [9.808999061584473, 1.7667096853256226, -0.522689938545227],
    [5.612743377685547, -1.4109325408935547, -0.6448312997817993],
    [5.365224838256836, -1.3759130239486694, -0.655468225479126],
    [4.165099620819092, -1.4673774242401123, -0.5739948749542236],
    [4.074261665344238, -1.2551796436309814, -0.5053051710128784],
    [3.8371286392211914, -1.0235060453414917, -0.6277028322219849],
    [3.8631887435913086, -1.4058371782302856, -0.5634484887123108],
    [2.6614317893981934, -2.1565659046173096, -0.6444216966629028],
    [3.378675937652588, -1.805704951286316, -0.7241003513336182],
    [3.009974479675293, -2.2115285396575928, -0.750674307346344],
    [3.4295918941497803, -1.0849854946136475, -0.6761710047721863],
    [3.711132764816284, -0.5439058542251587, -0.632786214351654],
    [3.2081925868988037, -0.7802174091339111, -0.7434975504875183],
    [2.4701449871063232, -1.6867069005966187, -0.6606960892677307],
    [3.5991103649139404, -1.5662758350372314, -0.618608832359314],
    [2.4149484634399414, -2.099508762359619, -0.5834472179412842],
    [3.3400542736053467, -2.0182950496673584, -0.48975902795791626],
    [9.510854721069336, 2.3317301273345947, -0.5472899079322815],
    [5.795299053192139, -1.857708215713501, -0.6178414225578308],
    [5.266219139099121, -1.5066348314285278, -0.5697738528251648],
    [5.383946418762207, -1.4630556106567383, -0.6623340249061584],
    [5.678099155426025, -1.319968581199646, -0.6302474737167358],
    [3.9657673835754395, -1.4535013437271118, -0.5933701992034912],
    [4.2073259353637695, -1.0351816415786743, -0.5313018560409546],
    [3.807490348815918, -0.8310229778289795, -0.6161915063858032],
    [4.165617942810059, -1.024268627166748, -0.5821836590766907],
    [3.723975896835327, -1.4278463125228882, -0.6559168100357056],
    [4.002005577087402, -1.6722824573516846, -0.8183213472366333],
    [4.708084583282471, -0.8717496991157532, -0.6760770678520203],
    [3.963618516921997, -0.9288694858551025, -0.6892938613891602],
    [3.384514808654785, -1.3008877038955688, -0.6095044612884521],
    [3.483013391494751, -1.7268548011779785, -0.6847818493843079],
    [7.6806793212890625, 0.6009351015090942, -0.6236628293991089],
    [6.043756484985352, -0.7110596299171448, -0.541982114315033],
    [9.901192665100098, 4.5139923095703125, -0.49874576926231384],
    [9.849711418151855, 1.5077714920043945, -0.5814619064331055],
    [9.17676067352295, 1.0564298629760742, -0.5870270133018494],
    [5.535632610321045, -1.4177937507629395, -0.6597495675086975],
    [5.421229362487793, -1.4206819534301758, -0.6145500540733337],
    [4.273557186126709, -1.6171433925628662, -0.580601155757904],
    [4.204094409942627, -1.3857370615005493, -0.581595778465271],
    [3.7244555950164795, -1.4044811725616455, -0.627716064453125],
    [3.9437222480773926, -1.221381664276123, -0.7080772519111633],
    [3.0848333835601807, -1.7674254179000854, -0.77936190366745],
    [4.055803298950195, -1.517520546913147, -0.7491222620010376],
    [2.7559962272644043, -2.8001272678375244, -0.6860203146934509],
    [4.167174339294434, -1.219510555267334, -0.6412708163261414],
    [3.5797243118286133, -1.7342075109481812, -0.6841443181037903],
    [4.225146770477295, -0.8904536962509155, -0.665359616279602],
    [2.579148292541504, -1.6890509128570557, -0.6970491409301758],
    [3.807168483734131, -1.3242460489273071, -0.5980702042579651],
    [2.308974027633667, -2.5627546310424805, -0.5695430040359497],
    [4.473418235778809, -1.6197277307510376, -0.6412078738212585],
    [5.624504566192627, -1.1364713907241821, -0.6149137020111084],
    [6.546800136566162, -1.0681926012039185, -0.6254512667655945],
    [4.96624231338501, -1.6954025030136108, -0.6040990352630615],
    [5.463380336761475, -1.556073546409607, -0.6722896695137024],
    [5.52366828918457, -1.4276084899902344, -0.5994012355804443],
    [4.579317092895508, -1.707155466079712, -0.6331949234008789],
    [4.48021125793457, -1.394182801246643, -0.6298542618751526],
    [4.393436908721924, -1.5281965732574463, -0.6568630337715149],
    [4.445281982421875, -1.586385726928711, -0.7191275954246521],
    [4.4647369384765625, -1.9839580059051514, -0.7255532741546631],
    [4.3915019035339355, -2.223315954208374, -0.7118455767631531],
    [4.6022772789001465, -2.556248664855957, -0.6121387481689453],
    [4.377206325531006, -2.3409152030944824, -0.6586019992828369],
    [4.343470096588135, -1.925839900970459, -0.7048092484474182],
    [4.349653720855713, -1.5366464853286743, -0.7374155521392822],
    [4.105297088623047, -1.5202686786651611, -0.6665568351745605],
    [4.1693196296691895, -1.6954700946807861, -0.6595458984375],
    [4.527487754821777, -2.0183560848236084, -0.6010825634002686],
    [4.85349702835083, -1.8116530179977417, -0.7152109146118164],
    [5.402782917022705, -1.1935261487960815, -0.655076265335083],
    [6.224514961242676, -1.1252765655517578, -0.6628156304359436],
    [6.339058876037598, -1.0880491733551025, -0.6634995937347412],
    [6.219537258148193, -1.357710599899292, -0.6979665756225586],
    [5.485174655914307, -1.5399143695831299, -0.6676239371299744],
    [5.5124192237854, -1.5684902667999268, -0.6802724003791809]
]
