[
    [4.486310958862305, -2.0053136348724365, -0.5813219547271729],
    [4.516561508178711, -1.8970906734466553, -0.5676107406616211],
    [5.843526363372803, 1.4251465797424316, -0.6447438597679138],
    [5.629297733306885, 0.387112021446228, -0.6873568296432495],
    [5.4443840980529785, -0.9630296230316162, -0.6514327526092529],
    [5.08687686920166, -0.8551694750785828, -0.6081135272979736],
    [5.1486945152282715, -0.8547438383102417, -0.5435851812362671],
    [4.675299167633057, -1.7572742700576782, -0.54976886510849],
    [4.690450668334961, -1.9693856239318848, -0.6139805912971497],
    [4.538395881652832, -2.514961004257202, -0.6729493141174316],
    [4.355474948883057, -3.2580032348632812, -0.6618707776069641],
    [4.616039276123047, -3.5508952140808105, -0.6413989663124084],
    [4.160727500915527, -2.954824447631836, -0.5983938574790955],
    [4.41616678237915, -2.301320791244507, -0.5443722605705261],
    [7.877908706665039, -1.6226824522018433, -0.6517584323883057],
    [8.79847240447998, -1.732834815979004, -0.7721236348152161],
    [8.932247161865234, -2.279606342315674, -0.7875223159790039],
    [5.25706148147583, -0.926052987575531, -0.6257055997848511],
    [5.244107723236084, -0.9780792593955994, -0.6118053793907166],
    [4.553382396697998, -1.7613168954849243, -0.5973924398422241],
    [4.747246742248535, -1.7495148181915283, -0.5791283249855042],
    [4.833323955535889, -1.6233712434768677, -0.6061598062515259],
    [3.597886800765991, -2.241910219192505, -0.5442859530448914],
    [5.06157112121582, 1.3670130968093872, -0.6358737349510193],
    [5.559981822967529, -1.848793864250183, -0.6374139785766602],
    [5.437964916229248, -1.255296230316162, -0.6715381145477295],
    [5.086818218231201, -1.2582570314407349, -0.6409364342689514],
    [5.226196765899658, -1.0856903791427612, -0.6190569996833801],
    [4.573609828948975, -1.8864223957061768, -0.565166711807251],
    [4.403914451599121, -2.8785276412963867, -0.6181088089942932],
    [4.2288289070129395, -3.6740660667419434, -0.6074778437614441],
    [3.912963628768921, -2.9370532035827637, -0.6144442558288574],
    [4.479783058166504, -3.6824393272399902, -0.6130088567733765],
    [4.266132354736328, -2.927818775177002, -0.6023836135864258],
    [5.171422004699707, -2.39068603515625, -0.5756966471672058],
    [9.858089447021484, -2.9727420806884766, -0.6919921040534973],
    [10.39506721496582, -0.7318111062049866, -0.650200366973877],
    [10.993433952331543, -3.458186388015747, -0.8626022934913635],
    [5.27345609664917, -1.1770323514938354, -0.6557128429412842],
    [5.322986125946045, -1.0943951606750488, -0.6599979400634766],
    [4.467122554779053, -2.035318613052368, -0.5832830667495728],
    [4.563551902770996, -1.9902671575546265, -0.6076311469078064],
    [2.7567532062530518, -1.7209433317184448, -0.664065957069397],
    [7.6738810539245605, 2.032391309738159, -0.623196005821228],
    [6.8803300857543945, 2.7008731365203857, -0.6210663914680481],
    [5.8733391761779785, -0.9356244802474976, -0.6336821913719177],
    [5.2477874755859375, -1.233726143836975, -0.5944575071334839],
    [5.34231424331665, -1.0591931343078613, -0.6806352138519287],
    [4.206974506378174, -2.118600368499756, -0.6273276805877686],
    [4.77850341796875, -1.5318598747253418, -0.6772594451904297],
    [4.282943248748779, -2.4179465770721436, -0.6342917680740356],
    [4.1392693519592285, -2.917768716812134, -0.5976312160491943],
    [3.7030413150787354, -2.6792197227478027, -0.6417803168296814],
    [3.9055469036102295, -2.6580822467803955, -0.6249622106552124],
    [4.260839939117432, -3.234992504119873, -0.609709620475769],
    [3.8612661361694336, -2.8334109783172607, -0.5462542772293091],
    [4.824631214141846, -1.0473287105560303, -0.6236799955368042],
    [10.782687187194824, -3.9288933277130127, -0.6237704753875732],
    [11.435437202453613, -1.048354148864746, -0.6881512999534607],
    [12.619399070739746, -3.2723052501678467, -0.8042961955070496],
    [5.447439193725586, -1.2502397298812866, -0.6273435950279236],
    [5.266174793243408, -1.2520111799240112, -0.689078688621521],
    [4.236935138702393, -1.879167079925537, -0.6897009611129761],
    [2.7347638607025146, -0.5648411512374878, -0.7489259243011475],
    [1.6926631927490234, 1.7076078653335571, -0.5914384126663208],
    [6.530284881591797, -1.0190401077270508, -0.5843935012817383],
    [6.088191509246826, -1.9220083951950073, -0.641177773475647],
    [5.23392391204834, -1.6437253952026367, -0.575397253036499],
    [5.383574485778809, -1.4018508195877075, -0.6205301880836487],
    [5.328013896942139, -1.2816493511199951, -0.5876297950744629],
    [3.873957395553589, -1.9457893371582031, -0.6972696781158447],
    [4.382909297943115, -1.9963347911834717, -0.6503627300262451],
    [3.7043697834014893, -2.4601471424102783, -0.7235715389251709],
    [3.990126609802246, -1.1340116262435913, -0.5669603943824768],
    [4.384428977966309, -2.1461479663848877, -0.6237510442733765],
    [4.342540740966797, -1.9874162673950195, -0.6032558083534241],
    [3.684931516647339, -2.548497438430786, -0.6727594137191772],
    [11.438416481018066, -3.1611573696136475, -0.6732507348060608],
    [11.386960983276367, 0.2413012683391571, -0.6935751438140869],
    [12.772392272949219, -2.1886329650878906, -0.5996838808059692],
    [5.508335590362549, -1.3297754526138306, -0.6478005647659302],
    [5.507156848907471, -1.2689076662063599, -0.6020601391792297],
    [4.069756507873535, -1.840323567390442, -0.6743426322937012],
    [1.7139124870300293, 1.6831868886947632, -0.6514349579811096],
    [8.975616455078125, 1.8778181076049805, -0.6444681882858276],
    [8.898098945617676, 3.320626735687256, -0.6737263202667236],
    [5.995666980743408, -1.254780650138855, -0.5771207809448242],
    [5.416633605957031, -1.3532931804656982, -0.6548227667808533],
    [5.339395999908447, -1.3128117322921753, -0.6075892448425293],
    [3.9199326038360596, -1.9992526769638062, -0.6487739682197571],
    [4.550798416137695, -1.3945446014404297, -0.5999153256416321],
    [3.7859106063842773, -2.8511343002319336, -0.7479216456413269],
    [3.371297836303711, -2.3664140701293945, -0.6918651461601257],
    [3.8976423740386963, -2.2535693645477295, -0.7516670227050781],
    [3.4627559185028076, -2.677027463912964, -0.7098778486251831],
    [4.455146312713623, 2.032329797744751, -0.5490019917488098],
    [13.262848854064941, -0.9976767897605896, -0.6447325944900513],
    [12.200462341308594, 2.4443488121032715, -0.6591516733169556],
    [14.378832817077637, -1.1320942640304565, -0.6827231645584106],
    [5.422614574432373, -1.3006646633148193, -0.6640899777412415],
    [5.409907341003418, -1.2488691806793213, -0.663635790348053],
    [3.989589214324951, -1.6064339876174927, -0.6414996981620789],
    [2.486658811569214, -0.5920876264572144, -0.704068660736084],
    [2.261587142944336, 1.3147927522659302, -0.7603552341461182],
    [2.7329554557800293, 1.2736365795135498, -0.7289251089096069],
    [7.784841060638428, -1.4850640296936035, -0.5834274291992188],
    [7.5805511474609375, -1.2162379026412964, -0.5758140683174133],
    [5.582300662994385, -1.2250442504882812, -0.559787929058075],
    [5.460671901702881, -1.0889772176742554, -0.6840277910232544],
    [5.342931270599365, -1.100433349609375, -0.636842668056488],
    [3.8235855102539062, -1.762239694595337, -0.6306385397911072],
    [4.062327861785889, -1.658235788345337, -0.5816397666931152],
    [3.609262466430664, -2.6828157901763916, -0.748382568359375],
    [4.68107795715332, -1.5826585292816162, -0.7123852968215942],
    [5.063692092895508, -1.2951759099960327, -0.7120401263237],
    [5.055128574371338, -1.7582956552505493, -0.7037467956542969],
    [5.039238929748535, 2.6252729892730713, -0.605332612991333],
    [13.50864315032959, -0.1643061637878418, -0.6674565672874451],
    [13.2622709274292, 2.6164493560791016, -0.6578935384750366],
    [14.191070556640625, -0.8420268297195435, -0.6501030325889587],
    [5.448505878448486, -1.0428963899612427, -0.6312357187271118],
    [5.946159362792969, -0.9601049423217773, -0.6215728521347046],
    [4.026225566864014, -1.6311174631118774, -0.655006468296051],
    [2.8514299392700195, -1.4651933908462524, -0.6870453953742981],
    [3.4097657203674316, -0.7221724390983582, -0.740949273109436],
    [9.900273323059082, 3.0760927200317383, -0.5510070323944092],
    [9.137506484985352, 3.4584577083587646, -0.6724240779876709],
    [6.109931468963623, -0.9863239526748657, -0.6048928499221802],
    [5.500269889831543, -1.040709137916565, -0.7224854826927185],
    [5.364809036254883, -0.9562199711799622, -0.6284169554710388],
    [4.065732479095459, -1.8125497102737427, -0.660478949546814],
    [4.470653057098389, -1.0542197227478027, -0.5271642804145813],
    [3.9164159297943115, -1.8612353801727295, -0.5775259733200073],
    [4.106237411499023, -2.918386459350586, -0.7101383209228516],
    [3.567925214767456, 1.223785638809204, -0.6708480715751648],
    [5.0136308670043945, -0.014185957610607147, -0.6508650779724121],
    [4.75075101852417, -0.09270304441452026, -0.6490878462791443],
    [4.790754795074463, -1.4266114234924316, -0.6213881373405457],
    [4.9294633865356445, 2.8848748207092285, -0.666027843952179],
    [14.297733306884766, 0.5578272342681885, -0.5983229279518127],
    [13.555115699768066, 2.687704563140869, -0.6437436938285828],
    [14.569252014160156, -0.5370882153511047, -0.8060564398765564],
    [5.511701583862305, -1.0467466115951538, -0.7054743766784668],
    [6.065201759338379, -0.9160276651382446, -0.67741858959198],
    [4.062271595001221, -1.583631992340088, -0.6554127931594849],
    [3.9604103565216064, -1.5977753400802612, -0.6304802298545837],
    [2.9521007537841797, 0.8660552501678467, -0.7661765813827515],
    [3.0611305236816406, 1.9664671421051025, -0.7119989991188049],
    [3.2217764854431152, 1.9291245937347412, -0.6570438742637634],
    [8.16524600982666, -0.9780612587928772, -0.702201783657074],
    [7.872860908508301, -1.0978730916976929, -0.6621624231338501],
    [6.012624740600586, -1.1159367561340332, -0.6611833572387695],
    [5.412825584411621, -1.1809059381484985, -0.7112643718719482],
    [5.315991401672363, -0.9677872657775879, -0.6424477100372314],
    [4.030928611755371, -1.5566322803497314, -0.5815157294273376],
    [3.9781720638275146, -1.3236899375915527, -0.596994161605835],
    [3.864683151245117, -0.7782398462295532, -0.4853667616844177],
    [3.826273202896118, -1.0487643480300903, -0.574894905090332],
    [3.7970170974731445, 2.8054392337799072, -0.6302182674407959],
    [3.1966352462768555, 3.081538438796997, -0.6457515954971313],
    [4.2593865394592285, -1.6830968856811523, -0.639202892780304],
    [13.201677322387695, 0.44414523243904114, -0.6964067220687866],
    [12.810826301574707, 3.3118433952331543, -0.7340232729911804],
    [12.265742301940918, -0.6450151801109314, -0.7628103494644165],
    [5.394471645355225, -1.3061975240707397, -0.7147438526153564],
    [5.108376502990723, -1.2012128829956055, -0.6458663940429688],
    [4.217825889587402, -1.438889980316162, -0.5697755813598633],
    [4.289021968841553, -1.3366942405700684, -0.5541969537734985],
    [4.5616068840026855, -0.04183753579854965, -0.5099285244941711],
    [4.284404277801514, -0.08391916006803513, -0.597446084022522],
    [3.861999273300171, -1.2945088148117065, -0.6454461812973022],
    [3.6950862407684326, -0.30025145411491394, -0.6355913877487183],
    [3.75168514251709, -0.9125151038169861, -0.6821023225784302],
    [9.06721019744873, 3.190629243850708, -0.7162780165672302],
    [7.491652011871338, 3.032402515411377, -0.6985710859298706],
    [4.802740097045898, -1.5335841178894043, -0.5690965056419373],
    [5.320552825927734, -1.4470466375350952, -0.6691724061965942],
    [5.204771041870117, -1.2889827489852905, -0.5919973254203796],
    [4.201533317565918, -1.5502790212631226, -0.5969178080558777],
    [4.8629469871521, -0.7296558618545532, -0.5385370254516602],
    [4.446382999420166, -0.7826458811759949, -0.6171362996101379],
    [4.654950141906738, -0.15309244394302368, -0.6269776225090027],
    [4.7512640953063965, -0.2642713487148285, -0.6538048386573792],
    [3.9966044425964355, 1.386918067932129, -0.6154479384422302],
    [4.46882438659668, -0.5787563323974609, -0.6820133328437805],
    [3.498716354370117, 2.9070167541503906, -0.6544742584228516],
    [4.326606750488281, 4.00527811050415, -0.7745320796966553],
    [11.769047737121582, 0.7132198214530945, -0.6247059106826782],
    [10.649288177490234, 3.177736282348633, -0.7223135232925415],
    [10.7902250289917, -0.5509802103042603, -0.7965415120124817],
    [5.323765754699707, -1.3809462785720825, -0.7861872911453247],
    [5.28148889541626, -1.2610805034637451, -0.6100273728370667],
    [4.258315086364746, -1.502558946609497, -0.598495602607727],
    [4.097665309906006, -0.9072274565696716, -0.6581802368164062],
    [3.9298763275146484, -1.2656210660934448, -0.6520119309425354],
    [4.074558258056641, -1.6388342380523682, -0.6212081909179688],
    [4.290708065032959, -1.2859050035476685, -0.6492201685905457],
    [6.230579376220703, -0.7463144659996033, -0.7582538723945618],
    [6.290943622589111, -1.1722679138183594, -0.761119544506073],
    [5.2996392250061035, -1.4757808446884155, -0.7882205843925476],
    [5.413667678833008, -1.2799944877624512, -0.7608619928359985],
    [5.310732364654541, -1.2875641584396362, -0.6940981149673462],
    [4.534674644470215, -1.4483722448349, -0.6236178874969482],
    [4.446820259094238, -1.496069073677063, -0.6987708806991577],
    [4.4151506423950195, -1.9566900730133057, -0.6901928186416626],
    [4.547097682952881, -2.466730833053589, -0.6015161275863647],
    [4.5773162841796875, -2.3599512577056885, -0.6415620446205139],
    [4.370789527893066, -1.878354549407959, -0.704322099685669],
    [4.036867618560791, -1.486885666847229, -0.7575909495353699],
    [6.417311668395996, -1.0735586881637573, -0.8101423978805542],
    [6.535011291503906, -0.9659095406532288, -0.8271728754043579],
    [6.4288010597229, -1.1151838302612305, -0.7936776280403137],
    [5.345279216766357, -1.411958932876587, -0.7020466327667236],
    [5.291102886199951, -1.4795094728469849, -0.703891396522522],
    [4.439323902130127, -1.74728524684906, -0.5629982948303223],
    [4.664548873901367, -1.8301490545272827, -0.5836036801338196],
    [3.338489532470703, -1.9101792573928833, -0.530909538269043],
    [3.025646924972534, -2.281959295272827, -0.5772721171379089],
    [3.7782702445983887, -2.6467130184173584, -0.6173471212387085],
    [3.5510292053222656, -2.8042635917663574, -0.6191108226776123],
    [3.919651985168457, -3.045577049255371, -0.6119107007980347],
    [3.45269775390625, -3.115446090698242, -0.612420380115509],
    [3.8796629905700684, -2.8432793617248535, -0.6551110148429871],
    [3.4069783687591553, -2.6330816745758057, -0.5899443626403809],
    [3.352128505706787, -2.961123466491699, -0.5483675003051758],
    [3.2429158687591553, -2.2347300052642822, -0.5521807074546814],
    [3.577859401702881, -2.5569512844085693, -0.5885470509529114],
    [5.805545330047607, -1.2097487449645996, -0.6302677392959595],
    [5.28997802734375, -0.963567852973938, -0.6432682275772095],
    [5.081811904907227, -0.7910558581352234, -0.5897753238677979],
    [4.312217712402344, -1.9144781827926636, -0.5679343342781067],
    [4.658960819244385, -1.8588616847991943, -0.5476994514465332],
    [4.614925861358643, -1.6649353504180908, -0.5837204456329346],
    [4.581869125366211, -1.9041268825531006, -0.6088054180145264],
    [4.218083381652832, -2.2713963985443115, -0.6706799864768982],
    [4.360119819641113, -2.392317533493042, -0.6767032146453857],
    [4.081195831298828, -2.7191243171691895, -0.6523053050041199],
    [4.163456439971924, -3.0722036361694336, -0.6770110130310059],
    [3.9260735511779785, -2.943065643310547, -0.6388300061225891],
    [4.417718410491943, -3.2670304775238037, -0.6506810188293457],
    [4.069892406463623, -2.7590036392211914, -0.6520782113075256],
    [3.920271873474121, -2.790536642074585, -0.5871963500976562],
    [3.500412940979004, -2.6428310871124268, -0.5376879572868347],
    [4.100821495056152, -2.6364481449127197, -0.5534824132919312],
    [3.2359960079193115, -2.394334554672241, -0.557201087474823],
    [7.685621738433838, -1.7431496381759644, -0.6518816947937012],
    [8.021646499633789, -2.4124791622161865, -0.7192887663841248],
    [8.597321510314941, -2.11875319480896, -0.7803155183792114],
    [5.20805549621582, -0.7998669147491455, -0.6322756409645081],
    [5.254140853881836, -0.9247602820396423, -0.6176693439483643],
    [4.514808177947998, -1.8147203922271729, -0.5924475789070129],
    [4.70388126373291, -1.717436671257019, -0.5632444620132446],
    [4.803664207458496, -1.681502103805542, -0.6010380983352661],
    [4.31663703918457, -1.7117424011230469, -0.6298199892044067],
    [4.063131809234619, -2.202533006668091, -0.7437694072723389],
    [3.8033854961395264, -2.1520183086395264, -0.6621654033660889],
    [3.7037227153778076, -2.763190507888794, -0.6472505927085876],
    [3.4852519035339355, -2.5401227474212646, -0.6245713233947754],
    [3.858384370803833, -2.8359005451202393, -0.649147629737854],
    [3.6058900356292725, -2.7482593059539795, -0.6388967633247375],
    [4.276541709899902, -2.926790714263916, -0.6306455731391907],
    [3.9393203258514404, -2.3783414363861084, -0.6111415028572083],
    [3.3372180461883545, -2.686969518661499, -0.5951036214828491],
    [3.5093586444854736, -2.413604736328125, -0.5694177150726318],
    [2.6141037940979004, -2.5349347591400146, -0.5839376449584961],
    [5.301187038421631, -1.68074369430542, -0.6568790674209595],
    [5.39980411529541, -1.2052626609802246, -0.6799362897872925],
    [5.086697578430176, -1.1521797180175781, -0.6254302263259888],
    [5.194548606872559, -1.0696961879730225, -0.6253689527511597],
    [4.511019706726074, -1.9194070100784302, -0.5511918663978577],
    [4.619411468505859, -1.7691845893859863, -0.6239537000656128],
    [4.489933490753174, -2.304222583770752, -0.6185881495475769],
    [4.0153727531433105, -2.942479133605957, -0.6859951019287109],
    [4.076833724975586, -2.5903983116149902, -0.6256167888641357],
    [3.6155309677124023, -3.1280388832092285, -0.669516921043396],
    [4.1096673011779785, -3.5586724281311035, -0.5971364378929138],
    [4.173843860626221, -3.345414638519287, -0.58943772315979],
    [4.410339832305908, -3.2983689308166504, -0.5936755537986755],
    [4.020777702331543, -2.7863311767578125, -0.5622846484184265],
    [4.226175308227539, -2.5839931964874268, -0.6073547005653381],
    [3.3436965942382812, -3.0031850337982178, -0.5592603087425232],
    [4.7667436599731445, -2.4367690086364746, -0.5620527267456055],
    [3.0963902473449707, -2.1710076332092285, -0.512300431728363],
    [9.452252388000488, -2.905831813812256, -0.6528131365776062],
    [10.499996185302734, -3.1948795318603516, -0.8336218595504761],
    [5.2049970626831055, -1.060829758644104, -0.6586308479309082],
    [5.300782203674316, -1.044950008392334, -0.6743215322494507],
    [4.331260681152344, -2.0815961360931396, -0.5852345824241638],
    [4.503486633300781, -1.845977783203125, -0.5991253852844238],
    [4.450633525848389, -1.7167643308639526, -0.6182201504707336],
    [4.223728656768799, -2.0099494457244873, -0.6135757565498352],
    [3.421189785003662, -2.794506788253784, -0.6541286706924438],
    [3.4055330753326416, -2.488816499710083, -0.6308916807174683],
    [3.0264523029327393, -2.5400609970092773, -0.673700749874115],
    [3.941143035888672, -2.609815835952759, -0.6515589356422424],
    [3.8270092010498047, -2.6006720066070557, -0.6496211290359497],
    [3.820357084274292, -2.281754732131958, -0.5307663083076477],
    [3.689807653427124, -1.85244619846344, -0.5697023272514343],
    [3.004619836807251, -2.7669873237609863, -0.5939539074897766],
    [3.398444652557373, -2.0731420516967773, -0.5353858470916748],
    [3.5074989795684814, -1.9938973188400269, -0.6033711433410645],
    [5.825619220733643, -0.9234062433242798, -0.664526104927063],
    [5.184749603271484, -1.1149578094482422, -0.5843985676765442],
    [5.339268207550049, -1.0210732221603394, -0.6905442476272583],
    [4.685300350189209, -1.6571261882781982, -0.6701635122299194],
    [4.328999996185303, -1.845893383026123, -0.6516000032424927],
    [4.199920654296875, -2.3256964683532715, -0.6487087607383728],
    [3.6784110069274902, -3.2168521881103516, -0.638569712638855],
    [3.9119083881378174, -2.950199842453003, -0.5988150238990784],
    [3.3524162769317627, -2.402050733566284, -0.5701326727867126],
    [3.8136775493621826, -3.182690382003784, -0.6026642918586731],
    [3.938370943069458, -2.7625479698181152, -0.6117843389511108],
    [4.324553966522217, -2.9898769855499268, -0.5973307490348816],
    [4.028337478637695, -2.55370831489563, -0.6035751700401306],
    [3.7654869556427, -2.237410068511963, -0.5522317290306091],
    [3.6695570945739746, -2.9728305339813232, -0.649640679359436],
    [4.926754474639893, -1.894866943359375, -0.6250864863395691],
    [4.003355503082275, -1.8093432188034058, -0.6636743545532227],
    [10.546488761901855, -4.256644248962402, -0.5721620321273804],
    [9.871819496154785, -4.07688570022583, -0.6417489647865295],
    [12.09740924835205, -3.1727373600006104, -0.7852247357368469],
    [5.356927871704102, -1.1809518337249756, -0.6322879791259766],
    [5.259536266326904, -1.1920092105865479, -0.6928154230117798],
    [3.956465721130371, -1.883793830871582, -0.6667957901954651],
    [4.1932220458984375, -1.8563822507858276, -0.6812170743942261],
    [4.029679298400879, -1.7620748281478882, -0.705463707447052],
    [3.828444004058838, -2.3151297569274902, -0.7405180931091309],
    [2.988022565841675, -2.845935106277466, -0.7325807213783264],
    [3.1263723373413086, -2.4627978801727295, -0.6810826659202576],
    [2.3007404804229736, -2.117741346359253, -0.5901288986206055],
    [2.7312307357788086, -2.2138473987579346, -0.6302141547203064],
    [3.331043243408203, -1.655590534210205, -0.5728225708007812],
    [3.425842761993408, -1.8796634674072266, -0.6681861281394958],
    [3.4011778831481934, -1.700655460357666, -0.5341804027557373],
    [3.2653183937072754, -1.8989542722702026, -0.6358969211578369],
    [3.18451189994812, -1.9900562763214111, -0.5923094749450684],
    [3.7091033458709717, -1.8976603746414185, -0.5823175311088562],
    [6.208007335662842, -2.3565001487731934, -0.5626593232154846],
    [5.531275749206543, -1.9253894090652466, -0.6054450869560242],
    [5.102306842803955, -1.58213210105896, -0.6015071272850037],
    [5.330498695373535, -1.3241554498672485, -0.599918782711029],
    [5.290044784545898, -1.2585184574127197, -0.5920358896255493],
    [3.805772304534912, -1.8632537126541138, -0.7031818628311157],
    [4.353503704071045, -1.9719698429107666, -0.6313467025756836],
    [3.951890707015991, -1.8765372037887573, -0.6486260294914246],
    [3.8832314014434814, -2.4159152507781982, -0.5632429718971252],
    [3.4879205226898193, -3.1407058238983154, -0.7855254411697388],
    [3.4334330558776855, -2.7206718921661377, -0.7424154281616211],
    [3.4775094985961914, -2.0689480304718018, -0.5698312520980835],
    [4.280171871185303, -2.3833680152893066, -0.6167208552360535],
    [4.264774799346924, -2.3814303874969482, -0.5729756355285645],
    [4.092931747436523, -2.4707493782043457, -0.707321286201477],
    [3.8336548805236816, -2.1716668605804443, -0.6352888941764832],
    [3.6599512100219727, -2.488980531692505, -0.6690573692321777],
    [3.955491304397583, -2.0080857276916504, -0.5101273059844971],
    [11.077557563781738, -3.2504138946533203, -0.6089857220649719],
    [12.33895206451416, -2.305752992630005, -0.5920805335044861],
    [5.457919120788574, -1.2475426197052002, -0.644035279750824],
    [5.490373134613037, -1.2590609788894653, -0.597514808177948],
    [3.9912052154541016, -1.8507715463638306, -0.6846691966056824],
    [3.861912965774536, -1.9487251043319702, -0.6127779483795166],
    [3.6779892444610596, -2.1467015743255615, -0.702987790107727],
    [3.697242259979248, -2.4416918754577637, -0.5944213271141052],
    [2.689561605453491, -2.717737913131714, -0.7327475547790527],
    [3.469515323638916, -2.463090419769287, -0.697154700756073],
    [2.162506580352783, -2.562281608581543, -0.6533052921295166],
    [3.275425434112549, -2.161257028579712, -0.6333695650100708],
    [2.900308609008789, -2.2239222526550293, -0.5851128101348877],
    [3.406949996948242, -2.2361481189727783, -0.6481137275695801],
    [3.2517526149749756, -2.3427743911743164, -0.7138071656227112],
    [3.6462228298187256, -1.8590351343154907, -0.7297850847244263],
    [3.623011589050293, -2.0710933208465576, -0.6797327399253845],
    [3.544111967086792, -2.178844690322876, -0.5454723238945007],
    [4.111697196960449, -1.853966236114502, -0.5107027888298035],
    [8.62040901184082, -1.5400599241256714, -0.6240654587745667],
    [7.731642246246338, -0.9284990429878235, -0.6106390357017517],
    [5.935811996459961, -1.2011730670928955, -0.5759596228599548],
    [5.4012532234191895, -1.2941652536392212, -0.6267871260643005],
    [5.319900989532471, -1.27677583694458, -0.6023460030555725],
    [3.8208019733428955, -1.8407337665557861, -0.640449583530426],
    [4.4946160316467285, -1.5282117128372192, -0.5970385074615479],
    [3.6506288051605225, -2.04907488822937, -0.6355641484260559],
    [3.769412040710449, -2.7506215572357178, -0.6217749118804932],
    [3.408005475997925, -3.2625930309295654, -0.6847209930419922],
    [3.7654953002929688, -2.8195013999938965, -0.7403016686439514],
    [3.4214117527008057, -2.8368871212005615, -0.7115708589553833],
    [3.2105016708374023, -3.33408784866333, -0.6634792685508728],
    [3.9669065475463867, -2.7788901329040527, -0.6381711363792419],
    [3.6029233932495117, -3.403690814971924, -0.719967782497406],
    [3.8231849670410156, -3.150184392929077, -0.6665331721305847],
    [4.23463773727417, -1.8574060201644897, -0.5873382091522217],
    [11.347587585449219, -2.58888578414917, -0.5907043218612671],
    [13.993817329406738, -0.9812042117118835, -0.6726735830307007],
    [5.382594585418701, -1.2130544185638428, -0.6623719930648804],
    [5.469202518463135, -1.1936416625976562, -0.6615236401557922],
    [3.9463391304016113, -1.585138201713562, -0.6427178978919983],
    [3.9518136978149414, -1.9639413356781006, -0.5795719027519226],
    [3.273972511291504, -2.4019081592559814, -0.6187757253646851],
    [3.125455856323242, -2.660341501235962, -0.4764133095741272],
    [2.6920456886291504, -2.9489099979400635, -0.6940818428993225],
    [3.0251049995422363, -2.852567672729492, -0.734500527381897],
    [2.5754196643829346, -2.6593198776245117, -0.7392140030860901],
    [3.414142370223999, -2.390310764312744, -0.7712424993515015],
    [2.8442227840423584, -2.740699291229248, -0.7205327749252319],
    [3.72129225730896, -2.3720154762268066, -0.7541487812995911],
    [3.7400641441345215, -2.361600637435913, -0.739670991897583],
    [4.242044448852539, -1.6048099994659424, -0.637829601764679],
    [4.384852409362793, -1.7957065105438232, -0.6799915432929993],
    [4.339569568634033, -1.7874246835708618, -0.5553597211837769],
    [5.402606964111328, -1.2290438413619995, -0.5609717965126038],
    [5.438736438751221, -1.0420844554901123, -0.642365574836731],
    [5.329104900360107, -1.0625590085983276, -0.6312457919120789],
    [3.765390634536743, -1.6649624109268188, -0.6326158046722412],
    [3.965019702911377, -1.7358506917953491, -0.5644480586051941],
    [3.5705490112304688, -2.021547317504883, -0.5778464078903198],
    [3.005898952484131, -2.7171196937561035, -0.4745416045188904],
    [3.166341543197632, -2.9652938842773438, -0.6162799596786499],
    [3.4159867763519287, -3.097472906112671, -0.6495312452316284],
    [3.5779407024383545, -3.1744203567504883, -0.7749492526054382],
    [3.242997169494629, -3.188591718673706, -0.758601725101471],
    [4.3774309158325195, -2.1599948406219482, -0.735977828502655],
    [4.5496931076049805, -1.889197826385498, -0.5917322039604187],
    [13.241039276123047, -0.37097352743148804, -0.6290577054023743],
    [13.751659393310547, -0.8557737469673157, -0.6518652439117432],
    [5.417363166809082, -0.9197445511817932, -0.6294233798980713],
    [5.93612813949585, -0.9234103560447693, -0.6149153113365173],
    [3.9736647605895996, -1.638397455215454, -0.658642590045929],
    [3.835675001144409, -1.7204676866531372, -0.6001495122909546],
    [3.497253894805908, -2.093236207962036, -0.5387302041053772],
    [3.1379618644714355, -2.405318260192871, -0.5192062258720398],
    [2.8952982425689697, -2.8829076290130615, -0.6840729713439941],
    [3.211597204208374, -3.107975482940674, -0.652137815952301],
    [3.5341265201568604, -2.9836597442626953, -0.7500941157341003],
    [4.16787052154541, -2.7356021404266357, -0.7373095750808716],
    [3.952594518661499, -2.5558764934539795, -0.7620663642883301],
    [4.475457668304443, -1.6699682474136353, -0.6733788251876831],
    [4.548441410064697, -1.5835926532745361, -0.698081374168396],
    [4.4373040199279785, -1.2003414630889893, -0.6566556692123413],
    [4.158034324645996, -1.6008132696151733, -0.5300763845443726],
    [4.42453145980835, -1.867334246635437, -0.6202180981636047],
    [5.975325584411621, -1.0104535818099976, -0.6243284344673157],
    [5.500705718994141, -0.9546127915382385, -0.707474410533905],
    [5.35011625289917, -0.9141690135002136, -0.6228789687156677],
    [3.9543771743774414, -1.6282356977462769, -0.641886293888092],
    [4.304483890533447, -1.2838612794876099, -0.5275946259498596],
    [3.690472364425659, -1.5829132795333862, -0.48518991470336914],
    [3.317017078399658, -2.452124834060669, -0.59639573097229],
    [3.16644024848938, -2.9234695434570312, -0.6591901183128357],
    [3.562717914581299, -3.3163084983825684, -0.7351863384246826],
    [3.7796874046325684, -3.310605049133301, -0.7160868048667908],
    [4.552796840667725, -1.63154137134552, -0.6326123476028442],
    [4.417654514312744, -1.8860739469528198, -0.5805309414863586],
    [13.921555519104004, 0.154910609126091, -0.6076725721359253],
    [12.099274635314941, -1.4027745723724365, -0.5840175747871399],
    [13.893762588500977, -0.44192641973495483, -0.78452068567276],
    [5.446839332580566, -0.9320150017738342, -0.7040056586265564],
    [6.021697521209717, -0.8525130748748779, -0.6772459149360657],
    [4.033564567565918, -1.5973089933395386, -0.6603577136993408],
    [3.9384777545928955, -1.5795685052871704, -0.6211974024772644],
    [3.7617690563201904, -1.8605042695999146, -0.5215286016464233],
    [3.354079246520996, -1.9207991361618042, -0.516474187374115],
    [3.210028886795044, -2.5818870067596436, -0.6496738195419312],
    [3.345500946044922, -2.66740083694458, -0.7054253816604614],
    [3.2481884956359863, -3.130946159362793, -0.7347276210784912],
    [3.7530925273895264, -2.6217992305755615, -0.7107638716697693],
    [3.0139830112457275, -2.8776793479919434, -0.663062572479248],
    [3.5974528789520264, -1.2586265802383423, -0.6399640440940857],
    [3.754513740539551, -1.550932765007019, -0.611349880695343],
    [4.018837928771973, -1.703722357749939, -0.58985435962677],
    [4.641077995300293, -1.7559285163879395, -0.6182161569595337],
    [7.5764031410217285, -1.039039969444275, -0.6587833166122437],
    [5.893117427825928, -1.0817301273345947, -0.680737316608429],
    [5.395347595214844, -1.0674008131027222, -0.7054612636566162],
    [5.32478141784668, -0.9081386923789978, -0.6479376554489136],
    [4.003016948699951, -1.4843686819076538, -0.5690484642982483],
    [3.91229248046875, -1.3571420907974243, -0.5795778036117554],
    [4.008153915405273, -1.0487866401672363, -0.5537890791893005],
    [3.560353994369507, -1.104482889175415, -0.48992419242858887],
    [3.3558385372161865, -1.4302812814712524, -0.5248110890388489],
    [3.4625678062438965, -1.499761700630188, -0.595948338508606],
    [3.5401065349578857, -2.2298874855041504, -0.7025020122528076],
    [3.0976200103759766, -2.426279306411743, -0.676088273525238],
    [3.9945218563079834, -1.676673412322998, -0.6656796932220459],
    [4.064200401306152, -1.5743478536605835, -0.6124041676521301],
    [12.802383422851562, 0.36905378103256226, -0.6945196390151978],
    [11.472914695739746, -0.8663424849510193, -0.6711003184318542],
    [11.783023834228516, -0.5206962823867798, -0.7712607979774475],
    [5.315101623535156, -1.1965080499649048, -0.7249026298522949],
    [5.0984039306640625, -1.1754436492919922, -0.6522659659385681],
    [4.159922122955322, -1.4813473224639893, -0.5594124794006348],
    [4.317366123199463, -1.1970741748809814, -0.5467057228088379],
    [4.503516674041748, -1.0823498964309692, -0.57749342918396],
    [4.459634304046631, -0.16646143794059753, -0.5160151720046997],
    [4.131412506103516, -0.46593716740608215, -0.5905832052230835],
    [3.4657673835754395, -0.7674244046211243, -0.6432570815086365],
    [3.963620901107788, -1.1271802186965942, -0.677645206451416],
    [3.7533135414123535, -1.3587234020233154, -0.6298230886459351],
    [3.336798667907715, -2.305527448654175, -0.6684532761573792],
    [3.5643959045410156, -1.552783489227295, -0.6266084909439087],
    [3.7954487800598145, -1.3939924240112305, -0.688778281211853],
    [3.3945279121398926, -1.1770985126495361, -0.709311842918396],
    [3.5008442401885986, -1.4415459632873535, -0.7167555689811707],
    [3.534245491027832, -1.501144528388977, -0.6408472657203674],
    [3.948223352432251, -1.4604541063308716, -0.6194908022880554],
    [8.453363418579102, -0.5840598344802856, -0.6832547783851624],
    [6.786372661590576, -0.932316780090332, -0.6578723192214966],
    [4.655628681182861, -1.4151902198791504, -0.5942508578300476],
    [5.290657997131348, -1.2982356548309326, -0.6558926701545715],
    [5.155488014221191, -1.2805496454238892, -0.5918112397193909],
    [4.132297039031982, -1.453373908996582, -0.5810493230819702],
    [4.759103298187256, -0.7892540693283081, -0.5329830050468445],
    [4.363407611846924, -0.7007861733436584, -0.6109874248504639],
    [4.631531715393066, -0.28996527194976807, -0.622186005115509],
    [3.8261005878448486, -0.751698911190033, -0.6820072531700134],
    [4.7410101890563965, -0.36896413564682007, -0.6660196781158447],
    [3.816323757171631, -1.1467506885528564, -0.6598522067070007],
    [3.8646910190582275, -1.3589633703231812, -0.6688137054443359],
    [3.9598228931427, -2.0119619369506836, -0.6831708550453186],
    [4.586286544799805, -1.3432412147521973, -0.6481010913848877],
    [3.758610725402832, -1.0839805603027344, -0.6708905100822449],
    [3.557396411895752, -1.3192262649536133, -0.7478591799736023],
    [3.7425689697265625, -1.209263563156128, -0.6728373169898987],
    [11.545260429382324, 0.5388035774230957, -0.6446046233177185],
    [10.101669311523438, -0.6770588159561157, -0.6900860667228699],
    [10.490316390991211, -0.44765934348106384, -0.7885143756866455],
    [5.294694900512695, -1.2727830410003662, -0.7786508798599243],
    [5.252119064331055, -1.2424829006195068, -0.6099433302879333],
    [4.210798263549805, -1.6556848287582397, -0.5853927135467529],
    [4.233379364013672, -1.3891642093658447, -0.5853285789489746],
    [4.005842208862305, -1.2484664916992188, -0.5920231938362122],
    [4.091965675354004, -0.7508751749992371, -0.6360545754432678],
    [3.663100481033325, -1.140061378479004, -0.6716912984848022],
    [3.9510953426361084, -1.0648645162582397, -0.6347087621688843],
    [3.483520269393921, -1.5538723468780518, -0.6884000897407532],
    [3.987083673477173, -1.5215450525283813, -0.6400766372680664],
    [3.6828677654266357, -2.1515705585479736, -0.6217168569564819],
    [4.347535133361816, -1.3973400592803955, -0.6581334471702576],
    [3.9521679878234863, -1.490218162536621, -0.6637630462646484],
    [4.308030605316162, -1.0133304595947266, -0.622685968875885],
    [3.3216054439544678, -1.3228822946548462, -0.6705199480056763],
    [4.008818626403809, -1.0150920152664185, -0.6926297545433044],
    [3.3819680213928223, -1.6892287731170654, -0.655208170413971],
    [5.971579074859619, -0.9880384802818298, -0.770284116268158],
    [6.242119312286377, -1.134777545928955, -0.7710134983062744],
    [5.198466777801514, -1.4838662147521973, -0.7965345978736877],
    [5.398195743560791, -1.3127121925354004, -0.7476324439048767],
    [5.278041839599609, -1.3257534503936768, -0.7072803974151611],
    [4.588232040405273, -1.8689956665039062, -0.6349560022354126],
    [4.508023262023926, -1.4747276306152344, -0.6313909292221069],
    [4.551874160766602, -1.437699794769287, -0.6490668058395386],
    [4.3287739753723145, -1.5057059526443481, -0.7036644220352173],
    [4.329457759857178, -1.6424286365509033, -0.706749677658081],
    [4.341418743133545, -1.9075806140899658, -0.7158676385879517],
    [4.480325698852539, -1.9053623676300049, -0.6611145734786987],
    [4.435486316680908, -2.360532760620117, -0.6189798712730408],
    [4.580156326293945, -2.3356375694274902, -0.6146132946014404],
    [4.511297702789307, -2.2113165855407715, -0.6597458720207214],
    [4.547746658325195, -1.8853447437286377, -0.6486201882362366],
    [4.390827655792236, -1.739324927330017, -0.7171357274055481],
    [4.266818523406982, -1.6398652791976929, -0.7303907871246338],
    [4.08128023147583, -1.6892592906951904, -0.7608464956283569],
    [4.075695991516113, -1.6778560876846313, -0.7575235366821289],
    [6.38931941986084, -1.0663365125656128, -0.8287129998207092],
    [6.377962112426758, -1.0274542570114136, -0.8205409049987793],
    [6.301966667175293, -1.0669971704483032, -0.7947435975074768],
    [5.326691150665283, -1.4275785684585571, -0.6858057379722595],
    [5.252946853637695, -1.4278075695037842, -0.699868381023407]
]
