[
    [3.2471556663513184, -2.9631199836730957, -0.5588661432266235],
    [3.699889659881592, -2.7665467262268066, -0.5990886092185974],
    [3.8836371898651123, -2.513141632080078, -0.5958940982818604],
    [4.026721477508545, -2.120417356491089, -0.54906165599823],
    [5.409361839294434, -1.8395419120788574, -0.5953962206840515],
    [6.151111125946045, -2.0109636783599854, -0.6223529577255249],
    [5.137501239776611, -0.20064875483512878, -0.5775970220565796],
    [6.466917037963867, -2.574861526489258, -0.5811761021614075],
    [5.107048511505127, -1.9839450120925903, -0.5825170874595642],
    [5.105398654937744, -1.7734113931655884, -0.5957853198051453],
    [4.022144317626953, -3.813647747039795, -0.6132932305335999],
    [4.183349132537842, -3.3991641998291016, -0.5183470845222473],
    [4.154394626617432, -3.417891025543213, -0.5710222721099854],
    [4.162684440612793, -3.0740160942077637, -0.584972083568573],
    [5.26881217956543, -2.28051495552063, -0.6264125108718872],
    [6.553421974182129, 1.010479211807251, -0.5826781988143921],
    [5.931554794311523, 0.840627908706665, -0.6163077354431152],
    [9.073441505432129, -2.4205377101898193, -0.6170259714126587],
    [5.2078375816345215, -1.8544546365737915, -0.5882863998413086],
    [6.011626720428467, -1.9874576330184937, -0.6044657826423645],
    [5.231996536254883, -1.6430110931396484, -0.6610660552978516],
    [7.619157791137695, -1.573073148727417, -0.6481059789657593],
    [6.956688404083252, -0.8917089700698853, -0.6803564429283142],
    [7.055360794067383, -1.671898365020752, -0.6187377572059631],
    [5.337209701538086, -1.7190855741500854, -0.6273196339607239],
    [4.941956520080566, -3.6418581008911133, -0.4626814126968384],
    [4.996341228485107, -3.728065013885498, -0.6071982979774475],
    [6.023561954498291, -3.184164047241211, -0.6692695617675781],
    [4.131089687347412, -2.409440040588379, -0.6048710942268372],
    [6.241604804992676, -2.6427154541015625, -0.5872966051101685],
    [7.893179416656494, 1.7054486274719238, -0.6281673908233643],
    [8.031760215759277, 1.738356351852417, -0.7295206189155579],
    [10.71514892578125, -1.6795985698699951, -0.6586589217185974],
    [5.336828231811523, -1.6961300373077393, -0.6484078168869019],
    [6.563899993896484, -1.5552926063537598, -0.6429868340492249],
    [4.603401184082031, -3.4785592555999756, -0.6084160804748535],
    [4.324670791625977, -3.4852092266082764, -0.6466892957687378],
    [4.2842278480529785, -2.33170747756958, -0.5614829063415527],
    [9.010751724243164, -1.2588173151016235, -0.6563208699226379],
    [8.508275985717773, 2.055734634399414, -0.7262639403343201],
    [7.205256938934326, -1.3116018772125244, -0.6721060872077942],
    [5.329067230224609, -1.5720301866531372, -0.6038395166397095],
    [3.961014986038208, -3.7707924842834473, -0.6424134969711304],
    [4.769520282745361, -3.342245578765869, -0.6523158550262451],
    [5.041353225708008, -3.4424803256988525, -0.5728431940078735],
    [4.105846405029297, 1.9066840410232544, -0.5554657578468323],
    [6.372629165649414, -1.2790248394012451, -0.5733579993247986],
    [9.235590934753418, 2.7909631729125977, -0.597646951675415],
    [9.711398124694824, 3.0731749534606934, -0.5821645259857178],
    [13.061450004577637, -0.19709621369838715, -0.7338090538978577],
    [5.327456951141357, -1.528158187866211, -0.6572133898735046],
    [6.880035400390625, -1.2562199831008911, -0.6888000965118408],
    [4.311446666717529, -2.828526020050049, -0.6035728454589844],
    [4.2213664054870605, -3.2627007961273193, -0.5511639714241028],
    [4.264620780944824, -2.6722867488861084, -0.6106603145599365],
    [8.630736351013184, -1.441825032234192, -0.6510066986083984],
    [7.973835468292236, -1.3419150114059448, -0.5745968222618103],
    [6.837332248687744, -1.274739384651184, -0.5768367648124695],
    [5.275164604187012, -1.521042823791504, -0.6313996911048889],
    [5.288773059844971, -1.4327117204666138, -0.6315388679504395],
    [4.209395885467529, -2.939263343811035, -0.6117709279060364],
    [4.602301120758057, -3.0785584449768066, -0.6226212382316589],
    [4.494063854217529, -3.0625901222229004, -0.5647134780883789],
    [3.976358413696289, 1.768136978149414, -0.5325660705566406],
    [4.714248180389404, -2.960184335708618, -0.5048620104789734],
    [5.543223857879639, 1.9893172979354858, -0.5842629671096802],
    [13.618814468383789, 1.9216125011444092, -0.7311069369316101],
    [10.9686861038208, 4.594255447387695, -0.6749739050865173],
    [14.285178184509277, 1.2530362606048584, -0.5500415563583374],
    [5.338720321655273, -1.5193949937820435, -0.6431376338005066],
    [7.102066516876221, -1.1788578033447266, -0.6278385519981384],
    [2.45725417137146, 1.1607402563095093, -0.6102924942970276],
    [3.9083588123321533, -2.8691930770874023, -0.5519851446151733],
    [4.575841903686523, -2.6586713790893555, -0.5822033882141113],
    [10.263971328735352, 4.105491638183594, -0.6965234279632568],
    [10.599349975585938, 4.855179786682129, -0.8026544451713562],
    [7.971295356750488, -1.2016913890838623, -0.6459857225418091],
    [5.285484313964844, -1.51388418674469, -0.5987390875816345],
    [3.9485576152801514, -2.920809745788574, -0.6284281015396118],
    [3.4415764808654785, -3.6399691104888916, -0.5593263506889343],
    [3.4974639415740967, -3.3600032329559326, -0.6451650857925415],
    [3.3399224281311035, 0.18354326486587524, -0.4710937738418579],
    [3.8620855808258057, 1.0934606790542603, -0.5157157778739929],
    [4.522615432739258, -2.598933219909668, -0.5804741382598877],
    [5.302186012268066, 1.930362343788147, -0.6340514421463013],
    [14.654817581176758, 3.8164730072021484, -0.8171875476837158],
    [12.555923461914062, 6.210974216461182, -0.7650512456893921],
    [15.295758247375488, 2.1524152755737305, -0.796320378780365],
    [5.2999701499938965, -1.4793541431427002, -0.711448073387146],
    [6.9417643547058105, -1.2260401248931885, -0.6410143375396729],
    [1.8487434387207031, 1.5157005786895752, -0.6316235065460205],
    [1.9941495656967163, 1.561543345451355, -0.4722084701061249],
    [3.7320759296417236, -1.8872588872909546, -0.6431920528411865],
    [7.906970977783203, -1.2265251874923706, -0.7590993642807007],
    [8.452956199645996, -1.3546404838562012, -0.6811120510101318],
    [6.336253643035889, -1.4145846366882324, -0.6896188259124756],
    [5.249231338500977, -1.4152123928070068, -0.6227371692657471],
    [3.5769965648651123, -3.5263001918792725, -0.749226987361908],
    [3.364473581314087, -2.8588972091674805, -0.7456839084625244],
    [3.3350911140441895, 1.115272045135498, -0.5924835801124573],
    [4.265525817871094, -2.0346267223358154, -0.6524742245674133],
    [4.7025017738342285, -1.6260254383087158, -0.6161454916000366],
    [15.246188163757324, 3.2619566917419434, -0.799588143825531],
    [12.794018745422363, 7.0409135818481445, -0.6752863526344299],
    [14.746219635009766, 1.5274525880813599, -0.8241575956344604],
    [5.282680988311768, -1.540307879447937, -0.6782587170600891],
    [5.491104602813721, -1.6479640007019043, -0.687228262424469],
    [2.427318572998047, 1.676662564277649, -0.6776598691940308],
    [2.2615902423858643, 2.3509812355041504, -0.547187089920044],
    [4.690501689910889, -1.5838571786880493, -0.5876978039741516],
    [10.936171531677246, 4.926641941070557, -0.6360754370689392],
    [10.410482406616211, 4.27783203125, -0.680493950843811],
    [5.344141006469727, -1.545520544052124, -0.7054007649421692],
    [3.90496563911438, -2.0617640018463135, -0.71110999584198],
    [4.206732273101807, -2.066478729248047, -0.6789431571960449],
    [4.276454448699951, -2.3518471717834473, -0.5277793407440186],
    [3.9118504524230957, -2.823575973510742, -0.7001227140426636],
    [3.9850847721099854, -1.686467170715332, -0.713296115398407],
    [4.172122955322266, -0.5926609039306641, -0.6582145690917969],
    [4.426539421081543, -0.7677182555198669, -0.6356452107429504],
    [5.016773223876953, -1.8586430549621582, -0.5455071330070496],
    [4.339696884155273, 1.813033103942871, -0.6201933026313782],
    [4.887082576751709, -1.473106861114502, -0.6359312534332275],
    [14.286420822143555, 1.6258267164230347, -0.7380485534667969],
    [12.569413185119629, 6.128551006317139, -0.6738519668579102],
    [13.94998836517334, 0.09496276080608368, -0.7620048522949219],
    [5.285284042358398, -1.7379167079925537, -0.6600742936134338],
    [5.254000663757324, -1.6774449348449707, -0.7029540538787842],
    [4.423966884613037, -1.64136803150177, -0.6502947211265564],
    [4.455572605133057, -1.5981981754302979, -0.6637102961540222],
    [4.2280778884887695, -1.1925650835037231, -0.4954124391078949],
    [3.9733715057373047, -0.7231051921844482, -0.6966556310653687],
    [4.514015197753906, -0.4943775534629822, -0.7978292107582092],
    [4.185078144073486, -0.07774293422698975, -0.7786052823066711],
    [4.231815338134766, -0.08331939578056335, -0.7231475710868835],
    [4.154672622680664, -0.08301723748445511, -0.6084924936294556],
    [3.95996356010437, -0.616163969039917, -0.5339513421058655],
    [2.218930959701538, 1.8897383213043213, -0.5446726083755493],
    [7.7718400955200195, -1.3468151092529297, -0.6904323697090149],
    [8.545823097229004, -1.8529603481292725, -0.6126757860183716],
    [4.886994361877441, -1.8975157737731934, -0.5720939636230469],
    [5.289849281311035, -1.5280303955078125, -0.6718833446502686],
    [4.1727294921875, -1.6482791900634766, -0.6228424310684204],
    [4.338534832000732, -1.553641676902771, -0.5786359310150146],
    [4.519670486450195, -0.6899757981300354, -0.5731322169303894],
    [4.487701892852783, -1.1705151796340942, -0.5296898484230042],
    [4.365775108337402, -0.6767454147338867, -0.5801895260810852],
    [4.283973693847656, -0.7626992464065552, -0.6486026048660278],
    [4.389241695404053, -0.09276559948921204, -0.7644158005714417],
    [4.1932244300842285, -0.39026495814323425, -0.7500946521759033],
    [4.264052391052246, 0.08386439830064774, -0.7344136238098145],
    [4.013108253479004, 0.0990399494767189, -0.596533477306366],
    [4.416292190551758, 0.07278812676668167, -0.5930172204971313],
    [3.8416547775268555, 1.4048519134521484, -0.5827229619026184],
    [4.836931228637695, -1.3911473751068115, -0.5712061524391174],
    [4.400440692901611, 2.0743370056152344, -0.6057090759277344],
    [4.577764511108398, -1.4463605880737305, -0.6490369439125061],
    [12.338312149047852, -0.43636366724967957, -0.8705570101737976],
    [12.647017478942871, 4.823596477508545, -0.7699831128120422],
    [12.032896995544434, -1.2099356651306152, -0.6715370416641235],
    [5.215130805969238, -1.7732104063034058, -0.6191484928131104],
    [5.2461981773376465, -1.7316707372665405, -0.6449977159500122],
    [4.264763832092285, -1.556715965270996, -0.5705257058143616],
    [4.323068141937256, -1.2875220775604248, -0.515204131603241],
    [4.555262565612793, -0.7860427498817444, -0.5814898014068604],
    [4.486489772796631, -0.43062204122543335, -0.5502091646194458],
    [4.562549591064453, -0.1885048896074295, -0.6296470165252686],
    [4.308629035949707, -0.36588069796562195, -0.615382730960846],
    [4.561727046966553, 0.19678595662117004, -0.7490550875663757],
    [4.284947872161865, -0.02105697989463806, -0.7292070388793945],
    [4.422469615936279, 0.35304152965545654, -0.7076818943023682],
    [3.9696688652038574, 0.4992713928222656, -0.6335568428039551],
    [4.192455768585205, 0.7443245053291321, -0.6021814346313477],
    [3.957810640335083, 0.19317206740379333, -0.5522324442863464],
    [3.7366349697113037, -0.8039090633392334, -0.510409414768219],
    [8.990663528442383, 3.161896228790283, -0.7885574102401733],
    [8.619887351989746, 2.8760509490966797, -0.7330392003059387],
    [5.109160900115967, -1.683180570602417, -0.6059150099754333],
    [4.121346950531006, -1.597367763519287, -0.6085077524185181],
    [4.529226303100586, -0.9855619668960571, -0.5172592401504517],
    [4.3721795082092285, -0.5308982133865356, -0.6218960881233215],
    [4.559788227081299, -0.38236334919929504, -0.6523801684379578],
    [4.349655628204346, -0.5864840149879456, -0.7068753838539124],
    [4.621212959289551, -0.5357498526573181, -0.6675920486450195],
    [4.370891571044922, -0.3050207495689392, -0.7092365622520447],
    [4.091967582702637, -0.17797350883483887, -0.6901150345802307],
    [4.161872386932373, -0.31908664107322693, -0.7080402374267578],
    [4.021249294281006, -0.0519070029258728, -0.6396076679229736],
    [3.9609086513519287, -0.010686047375202179, -0.6085543632507324],
    [4.157362937927246, 0.5556427836418152, -0.5681462287902832],
    [4.219117641448975, -0.48541146516799927, -0.5544212460517883],
    [4.559892654418945, -1.0229741334915161, -0.5614650249481201],
    [11.638565063476562, -0.6863280534744263, -0.7282240390777588],
    [11.107977867126465, 3.3627519607543945, -0.7860941886901855],
    [11.144840240478516, -1.3733190298080444, -0.7540680170059204],
    [5.208852767944336, -1.7505906820297241, -0.7424102425575256],
    [5.243890285491943, -1.6959187984466553, -0.632721483707428],
    [4.414419651031494, -1.2834203243255615, -0.604341447353363],
    [4.470968246459961, -0.7572855949401855, -0.6160863637924194],
    [4.407064914703369, -0.38538041710853577, -0.6876134276390076],
    [4.164610862731934, -0.5916863083839417, -0.7090781331062317],
    [4.228325843811035, -0.6357755064964294, -0.6603788137435913],
    [4.072746276855469, -0.6002311110496521, -0.6439451575279236],
    [3.859394073486328, -0.48768681287765503, -0.6024475693702698],
    [4.098021507263184, -1.2765291929244995, -0.5621806979179382],
    [6.470571517944336, -1.9362571239471436, -0.6976604461669922],
    [5.264223098754883, -1.6093430519104004, -0.656938910484314],
    [4.519772052764893, -1.3976647853851318, -0.6240761280059814],
    [4.718168258666992, -1.1965575218200684, -0.6786224842071533],
    [4.588970184326172, -1.363364815711975, -0.7583662867546082],
    [4.709957599639893, -1.848697304725647, -0.7983379364013672],
    [4.711226940155029, -2.049415111541748, -0.7588239908218384],
    [4.51028299331665, -1.8063387870788574, -0.7552444338798523],
    [4.138150691986084, -1.6882487535476685, -0.7575986385345459],
    [6.602022171020508, -1.7331429719924927, -0.6143080592155457],
    [6.809176445007324, -1.7870113849639893, -0.5967035889625549],
    [6.5519561767578125, -1.7046808004379272, -0.6679262518882751],
    [5.361260414123535, -1.7137689590454102, -0.7078430652618408],
    [5.3249006271362305, -1.789871096611023, -0.7151191830635071],
    [3.9418528079986572, -2.622835397720337, -0.5677094459533691],
    [3.6787540912628174, -2.8207895755767822, -0.5441851615905762],
    [3.8601551055908203, -3.0636789798736572, -0.5776347517967224],
    [3.18369722366333, -3.3818960189819336, -0.5364139080047607],
    [3.486586332321167, -3.3269901275634766, -0.5673514604568481],
    [3.3183083534240723, -3.0206477642059326, -0.5665042996406555],
    [3.9215688705444336, -3.0646166801452637, -0.5671694874763489],
    [3.4237310886383057, -2.876260280609131, -0.5481310486793518],
    [4.150568962097168, -2.9523863792419434, -0.5727090835571289],
    [3.6149559020996094, -2.5311503410339355, -0.5869371294975281],
    [4.20325231552124, -2.3936893939971924, -0.5760204792022705],
    [4.275153636932373, -2.290140151977539, -0.5552186965942383],
    [3.90336275100708, -1.961004376411438, -0.5533288717269897],
    [6.164113521575928, -2.184032440185547, -0.5882954001426697],
    [5.100894451141357, -1.8430712223052979, -0.569037139415741],
    [3.8698570728302, -2.62794828414917, -0.561935544013977],
    [3.8331868648529053, -3.268575668334961, -0.5209097266197205],
    [3.8426711559295654, -3.013049364089966, -0.6159374713897705],
    [3.773294687271118, -3.9331772327423096, -0.6329683661460876],
    [3.733754873275757, -3.7915430068969727, -0.6267186999320984],
    [3.7461793422698975, -3.7944045066833496, -0.6441957354545593],
    [3.701432704925537, -3.2010061740875244, -0.5445664525032043],
    [4.00233793258667, -3.4026196002960205, -0.512811005115509],
    [3.905038833618164, -2.6856377124786377, -0.48354026675224304],
    [4.087817192077637, -3.2423741817474365, -0.544148862361908],
    [3.8369176387786865, -2.4635016918182373, -0.5513681173324585],
    [4.056346416473389, -2.8422086238861084, -0.54059237241745],
    [3.988863945007324, -2.654078483581543, -0.5448306798934937],
    [5.420465469360352, -2.408700704574585, -0.5744695663452148],
    [5.20855712890625, -1.7336087226867676, -0.5754565596580505],
    [7.8668928146362305, -1.822615146636963, -0.5621404647827148],
    [7.355251789093018, -2.308924913406372, -0.6202128529548645],
    [8.706466674804688, -2.225846290588379, -0.5938321352005005],
    [5.156281471252441, -1.7700515985488892, -0.5864582061767578],
    [5.913681983947754, -1.9390939474105835, -0.594691276550293],
    [3.9294447898864746, -2.725595474243164, -0.5922513604164124],
    [3.701143264770508, -2.765434741973877, -0.5672571659088135],
    [3.7502291202545166, -2.9695754051208496, -0.6157021522521973],
    [3.313960313796997, -3.5550951957702637, -0.6413834095001221],
    [3.5720911026000977, -3.7966220378875732, -0.6789491176605225],
    [3.527695655822754, -3.6564671993255615, -0.6566480994224548],
    [3.697695732116699, -3.1022634506225586, -0.5784992575645447],
    [3.6157853603363037, -2.948650598526001, -0.502555787563324],
    [3.7565691471099854, -2.86312198638916, -0.5549826622009277],
    [3.713209629058838, -2.7206742763519287, -0.5407994389533997],
    [4.094116687774658, -2.6505372524261475, -0.627336323261261],
    [3.9987611770629883, -2.6278226375579834, -0.5805245041847229],
    [4.29282808303833, -2.12856388092041, -0.5919370651245117],
    [4.300541400909424, -2.145270347595215, -0.5292989015579224],
    [5.281762599945068, -1.608513593673706, -0.6355794668197632],
    [7.376133918762207, -1.6166033744812012, -0.6291654109954834],
    [6.778132915496826, -1.6529896259307861, -0.6115078926086426],
    [5.313927173614502, -1.7259104251861572, -0.6622410416603088],
    [5.27751350402832, -1.6827157735824585, -0.6110840439796448],
    [3.690030336380005, -2.700796127319336, -0.6310039758682251],
    [3.684286117553711, -3.296579599380493, -0.6033594608306885],
    [3.735874652862549, -3.0553314685821533, -0.6621007323265076],
    [3.6875007152557373, -4.2826738357543945, -0.6578751802444458],
    [3.621913194656372, -4.178377628326416, -0.6401650905609131],
    [3.9018423557281494, -4.075627326965332, -0.648729681968689],
    [3.60604190826416, -3.5120372772216797, -0.5848288536071777],
    [4.7055230140686035, -3.8405613899230957, -0.4850725531578064],
    [3.9124205112457275, -3.180651903152466, -0.5451393723487854],
    [4.823219299316406, -3.5580124855041504, -0.5965601801872253],
    [3.9555726051330566, -2.206665515899658, -0.6584897041320801],
    [6.064478874206543, -2.9798333644866943, -0.6384162902832031],
    [4.154376983642578, -2.572984218597412, -0.577666163444519],
    [6.321264743804932, -2.4207916259765625, -0.5327786207199097],
    [5.039139270782471, -1.8029478788375854, -0.5741869211196899],
    [9.132831573486328, -1.3025763034820557, -0.6212067008018494],
    [8.672000885009766, -1.9234073162078857, -0.7231086492538452],
    [10.255118370056152, -1.7107921838760376, -0.651038646697998],
    [5.271164417266846, -1.6040276288986206, -0.6485243439674377],
    [6.4413628578186035, -1.5492591857910156, -0.6352159976959229],
    [4.0998616218566895, -2.9094362258911133, -0.6301401257514954],
    [4.076622009277344, -2.9848744869232178, -0.6620319485664368],
    [3.9779813289642334, -3.070190906524658, -0.6171389818191528],
    [3.9224135875701904, -3.6614224910736084, -0.6260285973548889],
    [3.5199506282806396, -3.855964183807373, -0.5967835187911987],
    [3.674330711364746, -4.13080358505249, -0.6265235543251038],
    [3.234900712966919, -3.34002947807312, -0.578239917755127],
    [4.0769195556640625, -3.7199044227600098, -0.6311647891998291],
    [3.942192316055298, -3.5569369792938232, -0.5085261464118958],
    [4.459314346313477, -3.3956525325775146, -0.6123495101928711],
    [3.7087478637695312, -2.8227272033691406, -0.6184026598930359],
    [4.3049211502075195, -3.05908203125, -0.6431454420089722],
    [2.9979023933410645, -2.767129898071289, -0.6326384544372559],
    [4.222003936767578, -2.518691062927246, -0.5494220852851868],
    [5.250394821166992, -2.012575626373291, -0.5654190182685852],
    [8.691874504089355, -1.5024336576461792, -0.666337251663208],
    [7.045502662658691, -1.2390198707580566, -0.6748096346855164],
    [5.313117504119873, -1.6720362901687622, -0.6806873679161072],
    [5.262938976287842, -1.5350877046585083, -0.5937419533729553],
    [3.868501663208008, -2.7767271995544434, -0.6526535153388977],
    [3.9870193004608154, -3.302595615386963, -0.6484416723251343],
    [4.029455661773682, -2.864870071411133, -0.6740075349807739],
    [3.808349609375, -3.814117431640625, -0.6186122298240662],
    [3.611086845397949, -4.045073509216309, -0.615051805973053],
    [3.76606822013855, -4.044278144836426, -0.6749398112297058],
    [3.7986936569213867, -3.413135051727295, -0.5463255643844604],
    [4.577658653259277, -3.560964822769165, -0.6832917928695679],
    [4.2311882972717285, -2.9955179691314697, -0.5575263500213623],
    [5.041627407073975, -3.4249958992004395, -0.5905745029449463],
    [4.409923553466797, -2.5440759658813477, -0.5275567173957825],
    [3.6201393604278564, -2.93863582611084, -0.5979158282279968],
    [4.615296363830566, -2.806081771850586, -0.5887434482574463],
    [6.581841945648193, -1.9861235618591309, -0.5536909103393555],
    [4.989891529083252, -1.868019938468933, -0.5044800043106079],
    [10.768647193908691, -0.5734314918518066, -0.5818765163421631],
    [9.846373558044434, -1.3020312786102295, -0.5607366561889648],
    [12.530274391174316, -0.3949076533317566, -0.722291111946106],
    [5.2697601318359375, -1.4757065773010254, -0.6598820686340332],
    [6.819201946258545, -1.2288129329681396, -0.6820990443229675],
    [4.037437915802002, -2.839350461959839, -0.6556079387664795],
    [4.073398590087891, -2.9281468391418457, -0.6712985634803772],
    [4.149819374084473, -3.0092577934265137, -0.5900216102600098],
    [3.787461757659912, -3.611243963241577, -0.6134347319602966],
    [3.5531411170959473, -3.6616628170013428, -0.6766525506973267],
    [3.659973621368408, -3.6916167736053467, -0.6364647746086121],
    [3.2998180389404297, -3.314028263092041, -0.5940182209014893],
    [3.852694272994995, -3.2840192317962646, -0.6761873364448547],
    [3.630178451538086, -3.25219988822937, -0.6442908644676208],
    [4.0644450187683105, -3.1033403873443604, -0.5935669541358948],
    [3.8178539276123047, -3.274311065673828, -0.5829997062683105],
    [4.370853424072266, -2.922104597091675, -0.5873748660087585],
    [2.8279988765716553, -3.2169480323791504, -0.592528223991394],
    [4.338443756103516, -2.569761276245117, -0.6337327361106873],
    [4.995913505554199, -2.163731098175049, -0.5568438768386841],
    [6.596986770629883, -1.3010447025299072, -0.5758765935897827],
    [5.228635787963867, -1.4841017723083496, -0.5926738977432251],
    [5.260794162750244, -1.381927251815796, -0.6240051984786987],
    [3.8322036266326904, -2.7719268798828125, -0.6980810165405273],
    [3.9709105491638184, -3.165146827697754, -0.6578576564788818],
    [4.067455291748047, -2.9137444496154785, -0.6360037326812744],
    [3.8166377544403076, -3.4989092350006104, -0.5621557235717773],
    [3.349524974822998, -3.975006103515625, -0.6745592355728149],
    [3.4055516719818115, -3.6853556632995605, -0.588107705116272],
    [3.540781021118164, -3.514070749282837, -0.5508015155792236],
    [3.987016439437866, -3.4406516551971436, -0.5883725881576538],
    [3.8865933418273926, -2.9329304695129395, -0.6183125972747803],
    [4.219224452972412, -3.441408395767212, -0.6464766263961792],
    [4.318696022033691, -3.062321424484253, -0.5956038236618042],
    [3.2722573280334473, -3.289757013320923, -0.5777523517608643],
    [4.613603115081787, -2.922067642211914, -0.5301640033721924],
    [4.891223907470703, -2.118834972381592, -0.571692705154419],
    [13.060197830200195, 1.4419515132904053, -0.7320309281349182],
    [10.831022262573242, -0.512260377407074, -0.6525828242301941],
    [13.695880889892578, 0.907618522644043, -0.5775120258331299],
    [5.306761264801025, -1.4070748090744019, -0.6381971836090088],
    [7.00954532623291, -1.144514560699463, -0.6265931129455566],
    [4.071221351623535, -2.79435396194458, -0.6721987724304199],
    [4.1116623878479, -3.086487293243408, -0.6784247159957886],
    [3.886666774749756, -3.0045535564422607, -0.6715507507324219],
    [3.753526210784912, -3.468803882598877, -0.6119494438171387],
    [2.636702060699463, -3.6780920028686523, -0.6024348735809326],
    [3.125655174255371, -3.7494213581085205, -0.5488837361335754],
    [2.478851318359375, -3.3108255863189697, -0.5710232853889465],
    [3.5483760833740234, -3.189673900604248, -0.49715515971183777],
    [2.66995906829834, -2.9202163219451904, -0.5252519249916077],
    [3.537996768951416, -3.3321080207824707, -0.6065711975097656],
    [2.4877731800079346, -3.1401402950286865, -0.6604040265083313],
    [3.848824977874756, -2.7457423210144043, -0.5723720192909241],
    [3.5487735271453857, -2.75752592086792, -0.5524060726165771],
    [4.430121421813965, -2.674752950668335, -0.6097264289855957],
    [4.962594032287598, -2.325594663619995, -0.679057240486145],
    [10.300957679748535, -0.9946594834327698, -0.6797770857810974],
    [7.775203704833984, -1.0356730222702026, -0.6514987349510193],
    [5.161707401275635, -1.6284551620483398, -0.6613128185272217],
    [5.211071014404297, -1.4588865041732788, -0.5877588987350464],
    [3.767481803894043, -2.7158329486846924, -0.6394509077072144],
    [4.040981769561768, -3.1209092140197754, -0.6846031546592712],
    [3.8787319660186768, -2.5932421684265137, -0.6622990965843201],
    [3.7939276695251465, -3.384995937347412, -0.6447981595993042],
    [3.0699424743652344, -4.046760559082031, -0.5346830487251282],
    [3.2265655994415283, -3.957184314727783, -0.6214436888694763],
    [3.127495765686035, -3.493478775024414, -0.6973220109939575],
    [3.312267303466797, -3.796112060546875, -0.6771657466888428],
    [3.325523614883423, -2.8032617568969727, -0.7134703397750854],
    [2.6226701736450195, -3.3002376556396484, -0.5092096924781799],
    [3.42305064201355, -2.792752504348755, -0.6033567786216736],
    [4.461802005767822, -2.6577963829040527, -0.5741046667098999],
    [4.732781887054443, -2.0848987102508545, -0.6099129319190979],
    [14.390679359436035, 3.090083360671997, -0.8634891510009766],
    [12.004850387573242, 0.3267322778701782, -0.7661927938461304],
    [14.762289047241211, 1.8021876811981201, -0.8119590878486633],
    [5.259319305419922, -1.34891939163208, -0.7110529541969299],
    [6.860076904296875, -1.1946264505386353, -0.6497272253036499],
    [4.041210174560547, -2.4503378868103027, -0.6511044502258301],
    [4.155651092529297, -2.758789300918579, -0.6586902737617493],
    [3.744863510131836, -2.735732316970825, -0.6801384687423706],
    [3.574840545654297, -3.2602720260620117, -0.6488306522369385],
    [2.4609534740448, -3.711001396179199, -0.6702797412872314],
    [3.0081300735473633, -3.4439408779144287, -0.7587176561355591],
    [2.882073163986206, -3.1471903324127197, -0.7971794009208679],
    [2.805344581604004, -3.1814403533935547, -0.803674042224884],
    [1.8481371402740479, -3.07934308052063, -0.673585832118988],
    [2.8118033409118652, -3.158414363861084, -0.6476467251777649],
    [1.2857065200805664, -3.1159543991088867, -0.5474860668182373],
    [2.591110944747925, -2.1814358234405518, -0.5787866115570068],
    [2.647803544998169, -2.0818002223968506, -0.667816698551178],
    [3.6197943687438965, -1.8174870014190674, -0.6650562286376953],
    [4.516019344329834, -1.8988770246505737, -0.6325244903564453],
    [7.639800071716309, -1.9913101196289062, -0.8167023658752441],
    [8.253418922424316, -1.3247665166854858, -0.7003843784332275],
    [6.153107643127441, -1.4380582571029663, -0.6856838464736938],
    [5.184502124786377, -1.4702355861663818, -0.6817563772201538],
    [5.211872577667236, -1.3708882331848145, -0.6086950302124023],
    [3.756624698638916, -2.3885436058044434, -0.6746096611022949],
    [3.981813430786133, -2.6342873573303223, -0.6437006592750549],
    [4.021520614624023, -2.230753183364868, -0.5985179543495178],
    [3.5895566940307617, -3.3477563858032227, -0.6814838647842407],
    [3.430325984954834, -3.754059076309204, -0.7064905762672424],
    [3.281207323074341, -3.8050789833068848, -0.7603592276573181],
    [3.3656816482543945, -3.2142786979675293, -0.7741573452949524],
    [2.6260340213775635, -3.468418598175049, -0.789040744304657],
    [3.078839063644409, -2.5873138904571533, -0.7350232601165771],
    [3.000405788421631, -2.7175545692443848, -0.5604396462440491],
    [4.084065914154053, -2.2966790199279785, -0.6746853590011597],
    [4.678199291229248, -1.7657654285430908, -0.6322464942932129],
    [14.762551307678223, 2.6732192039489746, -0.8063769936561584],
    [12.21426773071289, 0.1488531529903412, -0.6357595920562744],
    [14.256074905395508, 1.077449917793274, -0.8380182981491089],
    [5.253954887390137, -1.3808356523513794, -0.6713939905166626],
    [5.455753326416016, -1.5468261241912842, -0.693356990814209],
    [4.024511814117432, -2.16452956199646, -0.6910025477409363],
    [3.9981462955474854, -2.394331932067871, -0.6493133306503296],
    [3.8898961544036865, -2.5411767959594727, -0.6045358777046204],
    [3.8199024200439453, -2.8797574043273926, -0.6209616661071777],
    [3.063075304031372, -3.3696255683898926, -0.7100135684013367],
    [3.4463489055633545, -3.084073305130005, -0.7679921984672546],
    [3.2840778827667236, -2.8071937561035156, -0.7508513927459717],
    [3.4077110290527344, -2.2564785480499268, -0.7223581075668335],
    [2.5217556953430176, -2.6714155673980713, -0.636381983757019],
    [2.7902307510375977, -2.536809206008911, -0.6764550805091858],
    [1.6926859617233276, -3.2158050537109375, -0.5637100338935852],
    [2.718417167663574, -2.587308645248413, -0.5499236583709717],
    [2.5471835136413574, -2.5055997371673584, -0.623668909072876],
    [3.633605480194092, -1.9253437519073486, -0.64496910572052],
    [4.600292682647705, -1.6741516590118408, -0.6181269288063049],
    [11.019613265991211, -0.5177754759788513, -0.6716800928115845],
    [5.2476487159729, -1.8636937141418457, -0.6899147629737854],
    [5.232593536376953, -1.751029133796692, -0.628178596496582],
    [5.342238426208496, -1.544161081314087, -0.6994741559028625],
    [3.8231089115142822, -2.0319974422454834, -0.6975752115249634],
    [4.173271656036377, -2.2351977825164795, -0.6873381733894348],
    [4.060359477996826, -1.581365704536438, -0.6358616352081299],
    [4.020031452178955, -2.7975411415100098, -0.5388763546943665],
    [3.8753952980041504, -2.5816073417663574, -0.6313467025756836],
    [3.7477972507476807, -2.819838047027588, -0.6720677614212036],
    [4.0789923667907715, -1.607317566871643, -0.674871027469635],
    [3.9894189834594727, -1.7412468194961548, -0.6649726629257202],
    [4.089779376983643, -0.9816253185272217, -0.6152373552322388],
    [4.062465667724609, -1.372784972190857, -0.6391381025314331],
    [4.163156509399414, -1.947690725326538, -0.6294934749603271],
    [4.869601249694824, -2.2442774772644043, -0.5871952176094055],
    [4.7430033683776855, -1.6383932828903198, -0.6614334583282471],
    [13.856440544128418, 0.9529865384101868, -0.7236207127571106],
    [12.176527976989746, -0.23971697688102722, -0.632656455039978],
    [13.378439903259277, -0.12386618554592133, -0.7755712866783142],
    [5.240725994110107, -1.6311123371124268, -0.6680228114128113],
    [5.266942977905273, -1.591868281364441, -0.7019515037536621],
    [4.3511738777160645, -1.6667107343673706, -0.6463879942893982],
    [4.434678077697754, -1.5790936946868896, -0.6588107943534851],
    [4.520602226257324, -1.4781321287155151, -0.6250770688056946],
    [4.119163990020752, -1.3216885328292847, -0.5026344060897827],
    [4.163665771484375, -1.5940215587615967, -0.6097699999809265],
    [3.984286308288574, -0.8829410076141357, -0.6309810280799866],
    [4.478532314300537, -0.8675639033317566, -0.7723299860954285],
    [4.166862964630127, -0.30724430084228516, -0.722814679145813],
    [4.079120635986328, -0.45662721991539, -0.7056373953819275],
    [3.866403341293335, -0.34654566645622253, -0.56271892786026],
    [3.771686553955078, -1.2312381267547607, -0.5673827528953552],
    [1.9594213962554932, -2.9001708030700684, -0.5472118258476257],
    [3.8522567749023438, -1.9755885601043701, -0.6113467812538147],
    [3.8486905097961426, -1.5887119770050049, -0.701437771320343],
    [7.2807207107543945, -2.3460376262664795, -0.6995197534561157],
    [4.797712326049805, -1.8888864517211914, -0.598720908164978],
    [5.257656574249268, -1.6665380001068115, -0.6582404971122742],
    [5.255496025085449, -1.508819580078125, -0.6676251888275146],
    [4.13547945022583, -1.6397418975830078, -0.6129357218742371],
    [4.298022747039795, -1.5906882286071777, -0.5587801337242126],
    [4.424208164215088, -0.7476067543029785, -0.5652850270271301],
    [4.3272552490234375, -1.180468201637268, -0.526479959487915],
    [4.19963264465332, -0.8823220729827881, -0.5587443709373474],
    [4.290576457977295, -0.8434112668037415, -0.6231862306594849],
    [4.307953357696533, -0.3270833492279053, -0.7279196381568909],
    [4.217144012451172, -0.5765272378921509, -0.7169592380523682],
    [4.015168190002441, -0.11443497240543365, -0.6853139996528625],
    [3.9861297607421875, -0.28261303901672363, -0.5692789554595947],
    [4.747779369354248, -1.7380119562149048, -0.6142245531082153],
    [4.387316703796387, -1.6617770195007324, -0.660958468914032],
    [11.9312744140625, -0.6885539889335632, -0.8388153314590454],
    [11.812453269958496, -0.7746589779853821, -0.6925814151763916],
    [11.604801177978516, -0.9829944372177124, -0.6859481930732727],
    [5.143404006958008, -1.6759942770004272, -0.617664098739624],
    [5.192052364349365, -1.689334511756897, -0.6375454068183899],
    [4.197558403015137, -1.5983623266220093, -0.5674331784248352],
    [4.336246490478516, -1.1514275074005127, -0.506966233253479],
    [4.478957176208496, -0.8947482705116272, -0.5805558562278748],
    [4.43698263168335, -0.31452038884162903, -0.5486356616020203],
    [4.48650598526001, -0.3179524838924408, -0.6219544410705566],
    [4.137068271636963, -0.3098808228969574, -0.5774577856063843],
    [4.529613971710205, -0.0327877551317215, -0.7090680599212646],
    [4.199474811553955, 0.11007311195135117, -0.6790697574615479],
    [4.328980922698975, 0.29343199729919434, -0.6631218194961548],
    [3.725404977798462, 0.4554978013038635, -0.5484431982040405],
    [3.0448033809661865, -1.5683040618896484, -0.550335168838501],
    [3.68432879447937, -1.1749827861785889, -0.5418088436126709],
    [3.806638717651367, -1.2307002544403076, -0.5988543629646301],
    [9.105352401733398, -1.613877534866333, -0.7923392653465271],
    [7.797492027282715, -2.0366103649139404, -0.6945315599441528],
    [4.713927745819092, -1.9242637157440186, -0.6260209679603577],
    [5.096057891845703, -1.7289845943450928, -0.7104608416557312],
    [5.066390037536621, -1.6641325950622559, -0.6018788814544678],
    [4.055665016174316, -1.5121288299560547, -0.5944452285766602],
    [4.513798713684082, -0.9925615787506104, -0.5218655467033386],
    [4.3168864250183105, -0.45407721400260925, -0.6166139841079712],
    [4.561248779296875, -0.4722619652748108, -0.653974711894989],
    [4.276543140411377, -0.5563679337501526, -0.6834575533866882],
    [4.541750907897949, -0.579408586025238, -0.6572036147117615],
    [4.312442779541016, -0.26155996322631836, -0.6746169328689575],
    [4.220191478729248, -0.3400138020515442, -0.6487829685211182],
    [4.070215225219727, -0.3500269055366516, -0.6574498414993286],
    [4.250601291656494, -0.20238670706748962, -0.5743762850761414],
    [3.756012439727783, 0.028944507241249084, -0.5500956773757935],
    [4.1946024894714355, -0.2701297998428345, -0.5652545094490051],
    [4.105132579803467, -0.5741689205169678, -0.5426161885261536],
    [4.39637565612793, -1.2477713823318481, -0.583160400390625],
    [11.228074073791504, -0.9951410293579102, -0.7136344909667969],
    [10.464678764343262, -1.0422227382659912, -0.7349221706390381],
    [10.789761543273926, -1.3277111053466797, -0.7544542551040649],
    [5.139739990234375, -1.6733684539794922, -0.7340961694717407],
    [5.197650909423828, -1.6674761772155762, -0.6258570551872253],
    [4.368267059326172, -1.6336077451705933, -0.5834578275680542],
    [4.398489475250244, -1.1536481380462646, -0.5884893536567688],
    [4.420830249786377, -0.7957102060317993, -0.6284596920013428],
    [4.345043182373047, -0.30178573727607727, -0.672745406627655],
    [4.041234970092773, -0.5380942225456238, -0.7157950401306152],
    [4.231700897216797, -0.4875515103340149, -0.6778856515884399],
    [4.075494766235352, -0.5206045508384705, -0.6839922070503235],
    [4.286884307861328, -0.44264543056488037, -0.6243702173233032],
    [3.7966296672821045, -0.6736233234405518, -0.6668949723243713],
    [4.049753665924072, -0.4188520908355713, -0.6096662282943726],
    [3.4402613639831543, -0.6147035360336304, -0.6003919243812561],
    [3.8342626094818115, -0.4910632073879242, -0.5591099858283997],
    [2.7883920669555664, -1.1355611085891724, -0.5739502310752869],
    [4.105895042419434, -1.0435770750045776, -0.5638017058372498],
    [3.1664302349090576, -2.039792537689209, -0.6142329573631287],
    [6.173404693603516, -1.928496241569519, -0.7168828845024109],
    [4.914752960205078, -1.9635558128356934, -0.6881110668182373],
    [5.203572750091553, -1.7013269662857056, -0.7127352952957153],
    [5.189425945281982, -1.6391814947128296, -0.6635410189628601],
    [4.633678436279297, -1.861289381980896, -0.6396210789680481],
    [4.49215030670166, -1.4332218170166016, -0.6321951150894165],
    [4.671670436859131, -1.1225252151489258, -0.6717275977134705],
    [4.506511211395264, -1.364611268043518, -0.770561158657074],
    [4.666135787963867, -1.2372446060180664, -0.7756021022796631],
    [4.6602983474731445, -1.7937800884246826, -0.8131952881813049],
    [4.942401885986328, -1.4858812093734741, -0.7496379017829895],
    [4.726721286773682, -1.8999059200286865, -0.7458553314208984],
    [4.703164100646973, -1.6375776529312134, -0.7297039031982422],
    [4.485914707183838, -1.6932729482650757, -0.7453187704086304],
    [4.4443769454956055, -1.3929823637008667, -0.7339260578155518],
    [4.240241527557373, -1.7295989990234375, -0.7282621264457703],
    [4.295001029968262, -1.6770508289337158, -0.6341025829315186],
    [4.3636932373046875, -1.8503516912460327, -0.5818369388580322],
    [6.352074146270752, -1.9210693836212158, -0.6311061978340149],
    [6.483175277709961, -1.8580518960952759, -0.6009477376937866],
    [5.296066761016846, -1.6974759101867676, -0.6975315809249878]
]
