[
    [3.757624387741089, -1.2173843383789062, -0.48973214626312256],
    [6.846702575683594, 0.40740007162094116, -0.7247735261917114],
    [6.930120944976807, 0.5282776355743408, -0.6402040123939514],
    [5.823059558868408, -1.3152512311935425, -0.6345949769020081],
    [5.646463871002197, -1.101020336151123, -0.6553381681442261],
    [5.208578109741211, -1.0009150505065918, -0.6164422631263733],
    [4.499642372131348, -1.371625304222107, -0.5473719239234924],
    [4.262453556060791, -1.2646534442901611, -0.5708601474761963],
    [4.321897506713867, -0.978683352470398, -0.5415135622024536],
    [3.9939322471618652, -1.0069153308868408, -0.5193461179733276],
    [3.4232819080352783, -1.7239841222763062, -0.5337805151939392],
    [3.7411742210388184, -2.298671007156372, -0.5649226307868958],
    [8.347000122070312, -1.0024402141571045, -0.6318351030349731],
    [8.501250267028809, -0.28721630573272705, -0.6846988797187805],
    [9.257295608520508, -1.5772759914398193, -0.7436923980712891],
    [5.404222011566162, -1.0525354146957397, -0.6079431772232056],
    [5.498544692993164, -1.0356911420822144, -0.6640250086784363],
    [4.34663724899292, -1.637474536895752, -0.58559650182724],
    [4.344974040985107, -1.4900360107421875, -0.5697647929191589],
    [4.2604851722717285, -1.210823655128479, -0.5967677235603333],
    [4.048827648162842, -1.6178364753723145, -0.6275903582572937],
    [6.639941215515137, -0.3495790362358093, -0.6247889399528503],
    [7.389036178588867, -0.588372528553009, -0.653016209602356],
    [5.940985202789307, -0.9978474974632263, -0.6645635962486267],
    [5.464565753936768, -1.1524460315704346, -0.6624347567558289],
    [5.397963047027588, -1.0016216039657593, -0.7092897891998291],
    [4.223747253417969, -1.9322195053100586, -0.5915228724479675],
    [4.222972393035889, -1.670364260673523, -0.5700960755348206],
    [3.874007225036621, -1.3183341026306152, -0.5872611403465271],
    [4.207403659820557, -1.1816407442092896, -0.596027135848999],
    [3.8833532333374023, -1.1645845174789429, -0.560673177242279],
    [4.218149662017822, -1.460152268409729, -0.5551603436470032],
    [3.827362537384033, -1.2784903049468994, -0.5769951939582825],
    [3.3570797443389893, -1.8734471797943115, -0.5197023153305054],
    [4.346808433532715, -1.6988041400909424, -0.5617997050285339],
    [11.084495544433594, -2.67838978767395, -0.6508042812347412],
    [12.413067817687988, -0.5840486288070679, -0.7960831522941589],
    [11.062243461608887, -5.549717426300049, -0.7513112425804138],
    [5.480378150939941, -1.140729308128357, -0.65242600440979],
    [5.2866010665893555, -1.1713590621948242, -0.6380526423454285],
    [4.260589122772217, -1.8604941368103027, -0.5885370373725891],
    [4.129453659057617, -1.4195165634155273, -0.5295272469520569],
    [3.9749221801757812, -0.9079152345657349, -0.6069231629371643],
    [8.485015869140625, -0.1229654997587204, -0.7472869157791138],
    [8.57182502746582, 1.5507378578186035, -0.7514578104019165],
    [6.021162986755371, -1.4834375381469727, -0.6500610113143921],
    [5.401528358459473, -1.2486672401428223, -0.6679676175117493],
    [5.262811660766602, -1.0216253995895386, -0.6354504823684692],
    [4.390709400177002, -2.071091651916504, -0.5445036292076111],
    [3.998692512512207, -1.703922152519226, -0.5104290843009949],
    [4.217100620269775, -1.4275816679000854, -0.5864368677139282],
    [4.0510945320129395, -1.6975293159484863, -0.6491973996162415],
    [3.5903358459472656, -2.4426381587982178, -0.6134899258613586],
    [12.044732093811035, -6.001700401306152, -0.6605275869369507],
    [14.114349365234375, -2.8430755138397217, -0.7364258766174316],
    [13.953890800476074, -5.906299591064453, -0.785379946231842],
    [5.5501275062561035, -1.220763921737671, -0.7533597350120544],
    [5.3821234703063965, -1.2270954847335815, -0.6713468432426453],
    [3.994309663772583, -2.3663604259490967, -0.6621432900428772],
    [7.419371128082275, -0.15877805650234222, -0.630096435546875],
    [7.396235466003418, -0.8459222316741943, -0.6507603526115417],
    [5.481505393981934, -1.305384635925293, -0.6987021565437317],
    [5.517336845397949, -1.3011574745178223, -0.7605027556419373],
    [5.32960844039917, -1.0562416315078735, -0.7067203521728516],
    [4.732503414154053, -2.209824323654175, -0.6538596749305725],
    [4.51950740814209, -1.828369379043579, -0.628722071647644],
    [4.511997222900391, -2.07635235786438, -0.7238543629646301],
    [4.589632987976074, -2.7067368030548096, -0.6855618953704834],
    [4.388373374938965, -1.379762887954712, -0.5688212513923645],
    [14.912925720214844, -5.799895286560059, -0.6673345565795898],
    [15.5558443069458, -2.4466564655303955, -0.7831405997276306],
    [15.814697265625, -5.640052795410156, -0.8465638160705566],
    [5.557796955108643, -1.3258246183395386, -0.6974701285362244],
    [5.3214616775512695, -1.2519758939743042, -0.6809045672416687],
    [3.790154457092285, -2.6305911540985107, -0.6250070333480835],
    [9.337504386901855, 2.9126901626586914, -0.6596906185150146],
    [9.335997581481934, 2.0891122817993164, -0.6820291876792908],
    [6.28262186050415, -0.9757333397865295, -0.6863452196121216],
    [5.419580459594727, -1.3786661624908447, -0.6656686067581177],
    [5.4346747398376465, -1.1091970205307007, -0.66426020860672],
    [4.033862113952637, -2.38089656829834, -0.6269114017486572],
    [4.483625411987305, -2.8428006172180176, -0.5638695955276489],
    [4.542418479919434, -2.6468989849090576, -0.6423788070678711],
    [4.978196620941162, -2.021515130996704, -0.7177643775939941],
    [4.627073287963867, -2.2572295665740967, -0.6794590353965759],
    [4.270865440368652, -1.109195590019226, -0.6271124482154846],
    [4.680704593658447, -2.1744487285614014, -0.5818506479263306],
    [4.372009754180908, -1.2933224439620972, -0.6689636707305908],
    [13.38082218170166, -5.645971775054932, -0.6608506441116333],
    [13.835074424743652, -1.8039127588272095, -0.6904382705688477],
    [14.346346855163574, -4.38943338394165, -0.7705082893371582],
    [5.580692291259766, -1.2851144075393677, -0.6600596904754639],
    [5.3704400062561035, -1.2166789770126343, -0.6176721453666687],
    [2.175605058670044, 1.961235523223877, -0.6281977891921997],
    [6.102360725402832, 1.4837250709533691, -0.6589488983154297],
    [6.105452537536621, -1.4855468273162842, -0.5440061688423157],
    [5.201615810394287, -1.4129828214645386, -0.494358092546463],
    [5.456454277038574, -1.2210155725479126, -0.6638053059577942],
    [5.421402454376221, -1.1223543882369995, -0.5869610905647278],
    [3.6747443675994873, -1.7457911968231201, -0.6185364127159119],
    [3.747488260269165, -1.9508616924285889, -0.5976948738098145],
    [3.930572032928467, -2.4604337215423584, -0.7662550210952759],
    [3.8822946548461914, -2.4235117435455322, -0.842301607131958],
    [4.284987449645996, -1.882564663887024, -0.7275598645210266],
    [4.174689292907715, -1.5344480276107788, -0.6468341946601868],
    [4.543861389160156, -1.3447887897491455, -0.7282254099845886],
    [4.52618932723999, -1.0196951627731323, -0.7206119298934937],
    [13.413265228271484, -3.724430799484253, -0.6019560098648071],
    [12.542558670043945, -0.37915125489234924, -0.5630837082862854],
    [14.410969734191895, -2.923412561416626, -0.585581362247467],
    [5.557521820068359, -1.1318696737289429, -0.6717628836631775],
    [5.523542881011963, -1.0913355350494385, -0.6260324716567993],
    [9.269095420837402, 2.6295113563537598, -0.4896964430809021],
    [8.348931312561035, 3.231062412261963, -0.5823947191238403],
    [5.757288932800293, -1.031831979751587, -0.5359086990356445],
    [5.5553669929504395, -1.0763602256774902, -0.7231253981590271],
    [5.420467853546143, -1.070770025253296, -0.6362732648849487],
    [3.786581039428711, -1.6037918329238892, -0.6600940823554993],
    [3.8679466247558594, -1.7609599828720093, -0.616189181804657],
    [4.162785053253174, -1.4741644859313965, -0.5349343419075012],
    [4.100035667419434, -2.168149948120117, -0.672274649143219],
    [4.137894153594971, -2.329258918762207, -0.7312511205673218],
    [4.226012706756592, -2.368981122970581, -0.7278369069099426],
    [4.511078357696533, -1.6069309711456299, -0.7297158241271973],
    [4.747056484222412, -1.9887049198150635, -0.6888539791107178],
    [4.810176372528076, -1.3700902462005615, -0.678931713104248],
    [5.10421895980835, -1.1934878826141357, -0.6829485297203064],
    [5.128687381744385, -1.1071406602859497, -0.5220513343811035],
    [14.261842727661133, -1.8013468980789185, -0.4621197581291199],
    [12.643052101135254, 1.146958827972412, -0.5268626809120178],
    [14.913022994995117, -1.6829149723052979, -0.6036167144775391],
    [5.589853763580322, -1.0264685153961182, -0.6879421472549438],
    [5.5774827003479, -0.9015268683433533, -0.6369483470916748],
    [3.614088535308838, -1.5174952745437622, -0.5721246004104614],
    [3.743488311767578, -1.5934531688690186, -0.6811352968215942],
    [7.288817882537842, -0.2819395363330841, -0.4960269331932068],
    [6.8929853439331055, -1.2309561967849731, -0.487719863653183],
    [5.470104217529297, -1.126699447631836, -0.5777009725570679],
    [5.56099271774292, -0.9738228917121887, -0.7437504529953003],
    [5.5351762771606445, -0.9090287089347839, -0.6721287369728088],
    [3.9356040954589844, -1.4457379579544067, -0.6253898739814758],
    [3.824647903442383, -1.1876842975616455, -0.5603810548782349],
    [3.887683868408203, -0.6446091532707214, -0.5289779305458069],
    [4.096307277679443, -1.0545225143432617, -0.585591733455658],
    [4.0410614013671875, -0.9710992574691772, -0.5539124608039856],
    [4.272194862365723, -1.3227967023849487, -0.659975528717041],
    [4.082455158233643, -0.9553115963935852, -0.6874002814292908],
    [4.404972076416016, -0.9553433060646057, -0.7320411205291748],
    [4.239426612854004, -0.25641095638275146, -0.6856862902641296],
    [4.467409133911133, -0.8202113509178162, -0.6264235973358154],
    [3.894357204437256, 2.3846471309661865, -0.5253874659538269],
    [4.680502414703369, -0.7451860308647156, -0.5999138951301575],
    [4.652070999145508, -1.228589653968811, -0.5250524878501892],
    [13.006274223327637, 0.22635188698768616, -0.5193705558776855],
    [11.701156616210938, 1.6522037982940674, -0.5907706022262573],
    [12.899459838867188, -0.4401366412639618, -0.740166962146759],
    [5.653637886047363, -0.9964319467544556, -0.7870109677314758],
    [5.5315985679626465, -0.8335132598876953, -0.7024056911468506],
    [3.9725265502929688, -1.4145629405975342, -0.5880131125450134],
    [4.08609676361084, -1.2112765312194824, -0.5073375105857849],
    [4.1619768142700195, -0.3825775384902954, -0.49299344420433044],
    [4.221719264984131, -0.07099848985671997, -0.5546058416366577],
    [4.031047344207764, -0.3217288851737976, -0.5494183301925659],
    [4.504100799560547, -0.23469749093055725, -0.576576292514801],
    [4.346294403076172, -0.16481159627437592, -0.5744141340255737],
    [4.469216823577881, 0.31195181608200073, -0.6046195030212402],
    [4.129026412963867, 0.181256502866745, -0.556298017501831],
    [4.195229530334473, 0.3977097272872925, -0.5210792422294617],
    [4.185672283172607, 0.3225870728492737, -0.44786399602890015],
    [8.3663330078125, 4.053458213806152, -0.5912504196166992],
    [7.267213821411133, 3.4952003955841064, -0.70134437084198],
    [5.5074143409729, -0.8112143874168396, -0.6248480677604675],
    [5.539144515991211, -1.0172319412231445, -0.7921780943870544],
    [5.506176948547363, -0.8899425268173218, -0.7342517375946045],
    [3.940042018890381, -1.4410961866378784, -0.6036375164985657],
    [4.355863571166992, -0.9595600366592407, -0.519736111164093],
    [4.271464824676514, -0.7418566942214966, -0.5910371541976929],
    [4.34970235824585, -0.1935926228761673, -0.590594470500946],
    [4.178752899169922, -0.4000805616378784, -0.6042315363883972],
    [4.212824821472168, -0.593312680721283, -0.6014125943183899],
    [4.297029495239258, -0.45406216382980347, -0.6200459003448486],
    [4.433446884155273, -0.17095312476158142, -0.6072410941123962],
    [4.469054698944092, -0.19636046886444092, -0.6388766169548035],
    [4.4408860206604, 0.07432395219802856, -0.6493982672691345],
    [4.205760955810547, -0.1643376499414444, -0.6391238570213318],
    [4.549901962280273, 0.6264325976371765, -0.5920329689979553],
    [4.0958662033081055, -0.5722516775131226, -0.6500834822654724],
    [5.207671642303467, 4.263660907745361, -0.6235201954841614],
    [11.551513671875, 1.3150806427001953, -0.7237420082092285],
    [10.074172973632812, 2.0073201656341553, -0.7785015106201172],
    [11.734254837036133, 0.6894547939300537, -0.8246273994445801],
    [5.558603286743164, -1.1555081605911255, -0.7409985065460205],
    [5.527134418487549, -1.0209990739822388, -0.7021458745002747],
    [4.285773754119873, -1.1930608749389648, -0.6008127927780151],
    [4.2555999755859375, -0.5043022036552429, -0.6073273420333862],
    [4.058545112609863, -0.7079389095306396, -0.6708511114120483],
    [4.325045585632324, -0.8168553113937378, -0.8160833716392517],
    [4.370528221130371, -0.820748507976532, -0.7843720316886902],
    [4.285068511962891, -0.7262087464332581, -0.7508193850517273],
    [4.640265464782715, -0.9241933822631836, -0.6817542314529419],
    [6.248159885406494, -0.9495643377304077, -0.7076711654663086],
    [6.039910793304443, -1.6811039447784424, -0.6490271687507629],
    [5.533290863037109, -1.3549047708511353, -0.6402812600135803],
    [5.577014923095703, -1.1961432695388794, -0.7234101295471191],
    [5.416317939758301, -1.1536333560943604, -0.6635499596595764],
    [4.5080037117004395, -1.2116833925247192, -0.6227214932441711],
    [4.6211113929748535, -1.059263825416565, -0.6903834939002991],
    [4.597487926483154, -1.2499110698699951, -0.7874993085861206],
    [4.664397716522217, -1.4935894012451172, -0.8106495141983032],
    [4.838083744049072, -0.9024657011032104, -0.6331395506858826],
    [4.835653305053711, -1.1860740184783936, -0.5881004333496094],
    [6.71036958694458, -1.2291756868362427, -0.6834803819656372],
    [6.529749870300293, -1.0996835231781006, -0.6792471408843994],
    [5.593754768371582, -1.2230395078659058, -0.648725688457489],
    [5.575018882751465, -1.306930661201477, -0.6334099173545837],
    [3.8761839866638184, -1.4285645484924316, -0.5452897548675537],
    [4.152523040771484, -1.4730607271194458, -0.5486109852790833],
    [1.7258646488189697, -1.7872785329818726, -0.4904003143310547],
    [3.5783402919769287, -1.396120548248291, -0.512442946434021],
    [1.6736136674880981, -1.622897982597351, -0.4310573935508728],
    [3.6763384342193604, -1.1393698453903198, -0.4934954047203064],
    [2.015535354614258, -1.7543249130249023, -0.465979665517807],
    [1.7172589302062988, -2.012948989868164, -0.4645112156867981],
    [3.020730972290039, -1.9827771186828613, -0.5516981482505798],
    [2.47658371925354, -2.369904041290283, -0.4740413427352905],
    [2.7103183269500732, -2.7717299461364746, -0.5261179208755493],
    [2.7956223487854004, -2.720670700073242, -0.5715051889419556],
    [3.757662773132324, -2.900771141052246, -0.5934447050094604],
    [6.730599403381348, -1.5371108055114746, -0.6969664096832275],
    [6.631214618682861, -0.23294541239738464, -0.6085289120674133],
    [5.751876354217529, -1.2102564573287964, -0.6155477166175842],
    [5.632078647613525, -1.0233802795410156, -0.6367422342300415],
    [4.377471923828125, -1.6365752220153809, -0.5588500499725342],
    [4.439896106719971, -1.4304797649383545, -0.5391976833343506],
    [4.112563133239746, -1.4813979864120483, -0.5600913166999817],
    [4.2188944816589355, -1.213240385055542, -0.5678609013557434],
    [3.9903547763824463, -1.1658776998519897, -0.5434106588363647],
    [4.251296520233154, -0.9922306537628174, -0.5412961840629578],
    [4.026293754577637, -1.0909340381622314, -0.5050930380821228],
    [3.9040770530700684, -1.0270580053329468, -0.5075969099998474],
    [3.4117956161499023, -1.3111518621444702, -0.48694974184036255],
    [3.3004274368286133, -1.7482335567474365, -0.5332329273223877],
    [3.033174514770508, -1.6457562446594238, -0.5698670148849487],
    [2.7571961879730225, -2.092500686645508, -0.5232820510864258],
    [2.798351764678955, -2.044550657272339, -0.5457092523574829],
    [3.493705987930298, -2.666983127593994, -0.5716809034347534],
    [3.4279675483703613, -2.2881035804748535, -0.5714660882949829],
    [8.370070457458496, -0.8365617990493774, -0.6487569212913513],
    [8.147138595581055, -0.7349061369895935, -0.5994064807891846],
    [8.921645164489746, -1.2613599300384521, -0.7406218647956848],
    [5.348155975341797, -0.990839958190918, -0.6086913347244263],
    [5.522233486175537, -0.9497101306915283, -0.6557120084762573],
    [4.316164016723633, -1.654016375541687, -0.5806534290313721],
    [4.314610004425049, -1.4481977224349976, -0.5563363432884216],
    [4.222593307495117, -1.525416374206543, -0.5705850720405579],
    [4.175912380218506, -1.1448590755462646, -0.5916138887405396],
    [4.1189117431640625, -1.2214248180389404, -0.5910654067993164],
    [4.029149532318115, -0.8158959150314331, -0.5559432506561279],
    [4.011359214782715, -1.0210578441619873, -0.5405518412590027],
    [3.923424482345581, -0.6774677038192749, -0.5251662731170654],
    [3.972341537475586, -0.8624292016029358, -0.5611955523490906],
    [4.1906514167785645, -1.4876275062561035, -0.5706758499145508],
    [3.6438846588134766, -1.221979022026062, -0.55804443359375],
    [3.9718146324157715, -1.5162663459777832, -0.6571452617645264],
    [3.4535224437713623, -1.6670454740524292, -0.5233588218688965],
    [4.191227912902832, -1.619659185409546, -0.6262423396110535],
    [5.835077285766602, -0.977091372013092, -0.6772956252098083],
    [5.4263763427734375, -1.0435667037963867, -0.6375187039375305],
    [5.378101348876953, -1.0106786489486694, -0.7172626852989197],
    [4.00538444519043, -1.7178287506103516, -0.5631102919578552],
    [4.177701950073242, -1.7069231271743774, -0.633449375629425],
    [4.094460487365723, -1.6569950580596924, -0.5556320548057556],
    [4.096560955047607, -1.543300986289978, -0.5800801515579224],
    [3.7682394981384277, -1.2990957498550415, -0.5702975392341614],
    [4.192755222320557, -1.1306991577148438, -0.5859122276306152],
    [3.802515745162964, -1.0831267833709717, -0.5356031060218811],
    [4.235355377197266, -1.3111764192581177, -0.5459970235824585],
    [3.7503597736358643, -1.1941167116165161, -0.5757344365119934],
    [3.9151723384857178, -1.3728618621826172, -0.532341480255127],
    [3.13891339302063, -1.7869395017623901, -0.5105879306793213],
    [3.3394346237182617, -2.076944589614868, -0.6226561665534973],
    [4.184471607208252, -2.192370891571045, -0.5553040504455566],
    [3.9712815284729004, -1.6632733345031738, -0.6308203935623169],
    [11.200035095214844, -2.363797426223755, -0.6381521821022034],
    [10.673200607299805, -3.4319355487823486, -0.697630763053894],
    [10.77485466003418, -4.726791858673096, -0.6899206042289734],
    [5.409607887268066, -1.071038007736206, -0.6419537663459778],
    [5.280510425567627, -1.1526607275009155, -0.6305696964263916],
    [4.207231521606445, -2.0043604373931885, -0.5681055784225464],
    [4.19318962097168, -1.782584547996521, -0.5774487853050232],
    [4.452779293060303, -1.7818927764892578, -0.5810492038726807],
    [4.070754051208496, -1.3852882385253906, -0.5267432928085327],
    [3.8857479095458984, -1.656354546546936, -0.5311102867126465],
    [4.015446662902832, -1.086909294128418, -0.550822377204895],
    [4.000068664550781, -1.0034490823745728, -0.6003702282905579],
    [3.973763942718506, -0.7603732943534851, -0.6121518015861511],
    [3.6825368404388428, -1.2359185218811035, -0.5933525562286377],
    [3.659475564956665, -0.8646867275238037, -0.627419114112854],
    [3.531123161315918, -1.3106920719146729, -0.5559302568435669],
    [3.304149627685547, -1.452072024345398, -0.5585206151008606],
    [3.030503273010254, -2.3239710330963135, -0.6255425810813904],
    [3.1831791400909424, -1.8116238117218018, -0.5919607877731323],
    [3.819605827331543, -1.371263027191162, -0.6491554975509644],
    [7.6920061111450195, -3.141538143157959, -0.685243546962738],
    [6.0015788078308105, -2.5447425842285156, -0.6193264722824097],
    [5.361152172088623, -1.1041808128356934, -0.6487643122673035],
    [5.255488395690918, -1.0103224515914917, -0.6535710692405701],
    [4.050048828125, -2.2389557361602783, -0.6307528614997864],
    [4.212918281555176, -2.174398422241211, -0.6385636329650879],
    [4.195730209350586, -2.105290174484253, -0.5969041585922241],
    [4.243488788604736, -2.0787553787231445, -0.5366430878639221],
    [3.7656540870666504, -1.993414282798767, -0.545441210269928],
    [3.892916440963745, -1.6298670768737793, -0.4792851209640503],
    [4.1705498695373535, -1.5571060180664062, -0.5421962738037109],
    [3.868833541870117, -1.2534478902816772, -0.5791307091712952],
    [4.007203578948975, -1.6616181135177612, -0.6353849768638611],
    [4.0013275146484375, -1.3331117630004883, -0.6330519318580627],
    [3.8355798721313477, -1.5873308181762695, -0.6091131567955017],
    [3.428722858428955, -2.2354326248168945, -0.5896417498588562],
    [3.676146984100342, -2.5934300422668457, -0.6056908965110779],
    [4.107778072357178, -1.2265911102294922, -0.6197616457939148],
    [11.97326946258545, -5.624329090118408, -0.5758306980133057],
    [12.380770683288574, -5.63165807723999, -0.5938893556594849],
    [13.253287315368652, -5.297752380371094, -0.7501848340034485],
    [5.492221355438232, -1.0976632833480835, -0.7549208998680115],
    [5.356130599975586, -1.17525315284729, -0.677452027797699],
    [3.8465795516967773, -2.1501171588897705, -0.6388010382652283],
    [3.9241857528686523, -2.301710844039917, -0.6560842394828796],
    [3.8782708644866943, -2.230280637741089, -0.6481688618659973],
    [3.689040184020996, -2.2067668437957764, -0.5616965293884277],
    [3.644968032836914, -1.9112539291381836, -0.644583523273468],
    [3.6194515228271484, -1.8284128904342651, -0.5623500943183899],
    [3.7811851501464844, -1.5408750772476196, -0.5861928462982178],
    [3.9086880683898926, -1.431135892868042, -0.6234109997749329],
    [3.670229911804199, -1.3472486734390259, -0.6202210783958435],
    [3.7425386905670166, -1.1746777296066284, -0.5897005200386047],
    [3.706881523132324, -1.393890380859375, -0.6328051686286926],
    [3.928154945373535, -1.3836759328842163, -0.6423776745796204],
    [3.9216206073760986, -1.9029878377914429, -0.7344563007354736],
    [3.78292179107666, -1.6399182081222534, -0.5493345260620117],
    [4.127923011779785, -1.2722166776657104, -0.5927800536155701],
    [6.84267520904541, -0.9250297546386719, -0.6556209921836853],
    [5.461681842803955, -1.2888604402542114, -0.7261257171630859],
    [5.495525360107422, -1.1700772047042847, -0.7387194037437439],
    [5.357723236083984, -1.0570679903030396, -0.7232218384742737],
    [3.7325010299682617, -2.2190780639648438, -0.6475166082382202],
    [4.152576446533203, -2.490633487701416, -0.6461295485496521],
    [3.953397512435913, -2.460846185684204, -0.630099892616272],
    [4.340117454528809, -2.5827674865722656, -0.6298929452896118],
    [3.672487258911133, -2.6117138862609863, -0.6688666343688965],
    [4.575433731079102, -1.9093496799468994, -0.634463906288147],
    [4.0983781814575195, -1.656520962715149, -0.5890944004058838],
    [4.438060760498047, -1.2476340532302856, -0.6121281385421753],
    [4.099846363067627, -1.4137309789657593, -0.553161084651947],
    [4.453429698944092, -1.5014572143554688, -0.6271602511405945],
    [4.1684956550598145, -1.6667225360870361, -0.634581983089447],
    [4.548559665679932, -2.2007651329040527, -0.6734349131584167],
    [4.3564772605896, -1.231204867362976, -0.5851148366928101],
    [14.46161937713623, -5.754266262054443, -0.5850389003753662],
    [15.20224380493164, -5.238979339599609, -0.7783352136611938],
    [5.4431538581848145, -1.2113765478134155, -0.7172338366508484],
    [5.3398919105529785, -1.1383471488952637, -0.6938894987106323],
    [3.6561498641967773, -2.0015676021575928, -0.6451977491378784],
    [3.7008910179138184, -2.5157554149627686, -0.6153181791305542],
    [3.6877613067626953, -2.517613410949707, -0.6003838777542114],
    [3.613754987716675, -2.491353750228882, -0.5179611444473267],
    [3.6938533782958984, -2.173102378845215, -0.666077733039856],
    [3.87485933303833, -1.804058313369751, -0.662208080291748],
    [4.4320969581604, -1.3682966232299805, -0.6985613107681274],
    [4.486670017242432, -0.9576790928840637, -0.6226514577865601],
    [4.297450065612793, -1.2524181604385376, -0.6290256977081299],
    [4.4275102615356445, -1.0362657308578491, -0.6291371583938599],
    [3.948514699935913, -1.5668902397155762, -0.6225424408912659],
    [3.1688497066497803, -1.7895857095718384, -0.5889593362808228],
    [3.7575979232788086, -1.3878259658813477, -0.5853806734085083],
    [3.9358651638031006, -1.416988492012024, -0.6317104697227478],
    [7.640963554382324, -2.3997011184692383, -0.6532442569732666],
    [6.148553848266602, -1.7016756534576416, -0.6328121423721313],
    [5.955000877380371, -1.1174055337905884, -0.7294972538948059],
    [5.369170188903809, -1.2091915607452393, -0.6576950550079346],
    [5.4127092361450195, -1.0773206949234009, -0.6675106287002563],
    [3.580636739730835, -1.9983417987823486, -0.6267845034599304],
    [3.929457187652588, -2.4727377891540527, -0.6233912110328674],
    [3.870680809020996, -2.6259286403656006, -0.5586670637130737],
    [4.181382656097412, -2.982921838760376, -0.5893850326538086],
    [3.8100810050964355, -2.849148750305176, -0.6145111918449402],
    [4.482194423675537, -2.0990123748779297, -0.6551142930984497],
    [4.230464935302734, -1.8792967796325684, -0.7084349393844604],
    [4.578969478607178, -1.430631399154663, -0.6961918473243713],
    [4.309395790100098, -1.7487257719039917, -0.7103416919708252],
    [5.0305891036987305, -1.5667909383773804, -0.7051794528961182],
    [4.577150821685791, -2.0455517768859863, -0.6811861991882324],
    [3.865800619125366, -2.19848895072937, -0.6214115619659424],
    [4.585949897766113, -2.032219171524048, -0.5979892015457153],
    [4.181814193725586, -1.1527152061462402, -0.6892564296722412],
    [12.10925579071045, -5.894143581390381, -0.5978021025657654],
    [13.711201667785645, -4.529487133026123, -0.7227879762649536],
    [5.483500003814697, -1.1858586072921753, -0.658555805683136],
    [5.3521928787231445, -1.172053575515747, -0.609866738319397],
    [3.703411340713501, -1.6943203210830688, -0.6462773680686951],
    [3.5305991172790527, -2.3600409030914307, -0.5943143367767334],
    [3.162428379058838, -2.6861703395843506, -0.6348812580108643],
    [2.9967522621154785, -2.772812843322754, -0.5701952576637268],
    [3.262192726135254, -2.385070323944092, -0.6288738250732422],
    [3.107870101928711, -2.5001120567321777, -0.7586100101470947],
    [3.392521381378174, -1.9371010065078735, -0.7794322967529297],
    [3.5577123165130615, -1.764485239982605, -0.7261010408401489],
    [3.112760066986084, -1.913621425628662, -0.7420673370361328],
    [3.6453418731689453, -1.737001895904541, -0.6993284225463867],
    [2.4420223236083984, -2.029590368270874, -0.6934882998466492],
    [3.137134075164795, -1.860870122909546, -0.664912223815918],
    [2.233903169631958, -2.235002279281616, -0.6100778579711914],
    [3.309929132461548, -1.6634690761566162, -0.7036498785018921],
    [3.995255470275879, -1.2404640913009644, -0.7057628631591797],
    [5.5310845375061035, -1.629313349723816, -0.5048523545265198],
    [5.103997707366943, -1.3457106351852417, -0.503609836101532],
    [5.458683013916016, -1.1413586139678955, -0.6316450834274292],
    [5.384284019470215, -1.0729455947875977, -0.5885478258132935],
    [3.571770429611206, -1.6999188661575317, -0.6178467273712158],
    [3.574685573577881, -2.1235556602478027, -0.5797975063323975],
    [3.474660873413086, -2.2551543712615967, -0.7042138576507568],
    [3.262578248977661, -2.7691802978515625, -0.5273534059524536],
    [3.516789674758911, -2.890279531478882, -0.678939163684845],
    [3.465571403503418, -2.688436985015869, -0.8299233317375183],
    [3.665846586227417, -2.6802878379821777, -0.8377667665481567],
    [3.7889974117279053, -2.06876277923584, -0.8521751761436462],
    [3.6842892169952393, -2.076479911804199, -0.7515244483947754],
    [4.202536582946777, -1.714020848274231, -0.7259272933006287],
    [4.0944037437438965, -1.7839032411575317, -0.7111813426017761],
    [3.8107638359069824, -2.2727134227752686, -0.6581032872200012],
    [4.417591571807861, -1.7169594764709473, -0.7212816476821899],
    [4.519113540649414, -0.9050904512405396, -0.6665976643562317],
    [13.051013946533203, -3.890644073486328, -0.5204949378967285],
    [13.969504356384277, -3.0668869018554688, -0.556533694267273],
    [5.4893388748168945, -1.035595178604126, -0.6645631790161133],
    [5.549016952514648, -1.0232090950012207, -0.6152949929237366],
    [3.648365020751953, -1.4988588094711304, -0.6702918410301208],
    [3.5906057357788086, -1.8863465785980225, -0.6176735162734985],
    [3.475132942199707, -2.045612335205078, -0.6209197044372559],
    [3.1527256965637207, -2.2068030834198, -0.5395315885543823],
    [3.5380868911743164, -1.9096691608428955, -0.7081442475318909],
    [3.2914230823516846, -2.317147731781006, -0.701740026473999],
    [3.9981534481048584, -2.307065963745117, -0.7992159128189087],
    [4.067260265350342, -1.7977842092514038, -0.7995216846466064],
    [4.289855480194092, -1.5252022743225098, -0.7487563490867615],
    [4.09893274307251, -1.3012083768844604, -0.7330800890922546],
    [4.357547760009766, -0.9870158433914185, -0.700752317905426],
    [4.34805154800415, -0.9035014510154724, -0.7117801904678345],
    [4.329137802124023, -1.1762703657150269, -0.6857256293296814],
    [8.625354766845703, -2.026341199874878, -0.4446887671947479],
    [7.201948642730713, -1.1208299398422241, -0.5087865591049194],
    [5.740499019622803, -1.0028239488601685, -0.5388154983520508],
    [5.515401840209961, -1.0149211883544922, -0.6834821701049805],
    [5.4026665687561035, -1.0341978073120117, -0.6347866058349609],
    [3.7416393756866455, -1.516998529434204, -0.6562345027923584],
    [3.7159957885742188, -1.8290880918502808, -0.6118146777153015],
    [3.7009572982788086, -1.597579836845398, -0.5494017004966736],
    [3.6527585983276367, -2.024905204772949, -0.5571895241737366],
    [3.9224510192871094, -2.2038745880126953, -0.6795680522918701],
    [4.025992393493652, -2.381540298461914, -0.7374803423881531],
    [4.2891926765441895, -2.3724822998046875, -0.8089517951011658],
    [4.051718235015869, -2.2626636028289795, -0.7544689178466797],
    [4.4035491943359375, -1.7752642631530762, -0.7478240132331848],
    [4.420621871948242, -1.9009552001953125, -0.7197340130805969],
    [4.63350772857666, -1.5438719987869263, -0.7369754910469055],
    [4.88984489440918, -1.6768468618392944, -0.6602556109428406],
    [4.962347984313965, -1.169145941734314, -0.6988039016723633],
    [5.03408670425415, -1.1200178861618042, -0.4959259033203125],
    [14.581962585449219, -1.6986215114593506, -0.5813570022583008],
    [5.523523807525635, -0.910417914390564, -0.6815038919448853],
    [5.606846332550049, -0.8320709466934204, -0.6398055553436279],
    [3.8932290077209473, -1.5363980531692505, -0.6222948431968689],
    [3.822709321975708, -1.506392002105713, -0.5693793892860413],
    [3.576995849609375, -1.5574735403060913, -0.5758748650550842],
    [3.34389066696167, -1.6744120121002197, -0.5878793001174927],
    [3.619710683822632, -1.8510968685150146, -0.6998075246810913],
    [3.3819570541381836, -1.7852387428283691, -0.6821626424789429],
    [3.975081205368042, -2.2268710136413574, -0.7430405616760254],
    [3.7266547679901123, -1.663008451461792, -0.6791552305221558],
    [4.039234161376953, -1.807778239250183, -0.77802973985672],
    [4.017158508300781, -1.3489079475402832, -0.7374587655067444],
    [3.9499309062957764, -1.5195263624191284, -0.7315517067909241],
    [4.145908355712891, -1.0433919429779053, -0.6499985456466675],
    [4.094682693481445, -0.8646336793899536, -0.6219464540481567],
    [4.125050067901611, -1.051187515258789, -0.5145506858825684],
    [5.376587867736816, -1.1002730131149292, -0.569397509098053],
    [5.555139541625977, -0.8754503726959229, -0.7157518863677979],
    [5.529961585998535, -0.8697448372840881, -0.6798110008239746],
    [3.9172706604003906, -1.4028584957122803, -0.612318217754364],
    [3.8122339248657227, -1.2155324220657349, -0.5461037755012512],
    [3.924675464630127, -0.9386720061302185, -0.5639235973358154],
    [3.650392532348633, -0.8534976243972778, -0.5447680950164795],
    [3.788928270339966, -1.0932385921478271, -0.5867353081703186],
    [3.807033061981201, -1.0932989120483398, -0.5765175819396973],
    [4.013021945953369, -1.4443988800048828, -0.6564366221427917],
    [3.942131280899048, -0.9431145787239075, -0.665733277797699],
    [4.130983352661133, -0.9571518898010254, -0.7095270156860352],
    [4.354637145996094, -0.3919893503189087, -0.6612051725387573],
    [4.258969306945801, -0.7908203601837158, -0.588735818862915],
    [4.534064292907715, -1.2350128889083862, -0.48721301555633545],
    [12.668975830078125, -0.011689497157931328, -0.494394987821579],
    [12.517045021057129, -0.688120424747467, -0.7381512522697449],
    [5.5822858810424805, -0.8902106881141663, -0.7852884531021118],
    [5.530991077423096, -0.7774835228919983, -0.7014275193214417],
    [3.927262306213379, -1.4413678646087646, -0.5819973945617676],
    [4.111705303192139, -1.0989956855773926, -0.4948474168777466],
    [4.199109077453613, -0.9869838356971741, -0.5616044998168945],
    [4.100160121917725, -0.3172603249549866, -0.5029440522193909],
    [4.079522132873535, -0.15264421701431274, -0.5506777763366699],
    [3.8527112007141113, -0.2414727360010147, -0.5158258080482483],
    [4.341392993927002, -0.3356042802333832, -0.5618386268615723],
    [4.136202812194824, 0.029684577137231827, -0.5306468605995178],
    [3.773069381713867, 0.16945593059062958, -0.5130770206451416],
    [3.8040497303009033, -0.6690788269042969, -0.5114061832427979],
    [4.258204936981201, -1.3543833494186401, -0.578961968421936],
    [6.753692626953125, -1.0333794355392456, -0.6443113088607788],
    [5.363621711730957, -0.9624936580657959, -0.6536955833435059],
    [5.517336368560791, -0.9224643111228943, -0.7731212377548218],
    [5.497910022735596, -0.9049460291862488, -0.7383252382278442],
    [3.9058265686035156, -1.3546597957611084, -0.5934625267982483],
    [4.339345455169678, -0.9150024652481079, -0.5178871750831604],
    [4.174100399017334, -0.6431329846382141, -0.5853314995765686],
    [4.263149738311768, -0.23381027579307556, -0.5897212624549866],
    [4.058652877807617, -0.36094924807548523, -0.593680739402771],
    [4.16499137878418, -0.49710461497306824, -0.6095912456512451],
    [4.00913143157959, -0.7139986753463745, -0.6179839372634888],
    [4.00992488861084, -0.5131513476371765, -0.6157539486885071],
    [3.8800196647644043, -0.8695722222328186, -0.6491619944572449],
    [4.1706156730651855, -0.4521315097808838, -0.6068901419639587],
    [3.730276107788086, -0.5326788425445557, -0.6593768000602722],
    [4.351054668426514, -0.19584597647190094, -0.5950189828872681],
    [3.9607632160186768, -0.48275288939476013, -0.6359565854072571],
    [4.332570552825928, -1.0518608093261719, -0.6559734344482422],
    [11.22156810760498, 1.103293538093567, -0.7281336784362793],
    [9.379599571228027, -1.6752467155456543, -0.6907650828361511],
    [11.328145980834961, 0.6675313711166382, -0.8119906783103943],
    [5.5078558921813965, -1.0974551439285278, -0.7396013140678406],
    [5.528079986572266, -0.9451450705528259, -0.699550211429596],
    [4.115487575531006, -1.5112602710723877, -0.5772163271903992],
    [4.259013652801514, -1.0841261148452759, -0.5863205790519714],
    [4.0921783447265625, -1.0229034423828125, -0.5848605036735535],
    [4.160762786865234, -0.3464670777320862, -0.5949105620384216],
    [3.80583119392395, -0.6113578677177429, -0.6871534585952759],
    [4.0600504875183105, -0.536090075969696, -0.6587828993797302],
    [3.7246241569519043, -0.6121988892555237, -0.7586760520935059],
    [4.292716979980469, -0.624983012676239, -0.7875676155090332],
    [3.9967780113220215, -0.4854329526424408, -0.7967113256454468],
    [4.303668022155762, -0.5789000391960144, -0.7624706029891968],
    [3.8379721641540527, -0.6635076999664307, -0.7268157005310059],
    [4.381582260131836, -0.5390223860740662, -0.7245204448699951],
    [4.007113933563232, -0.6405823230743408, -0.7212893962860107],
    [4.661795139312744, -0.7462522387504578, -0.6779273748397827],
    [4.324524402618408, -1.246358036994934, -0.7064394950866699],
    [6.178011894226074, -0.958503007888794, -0.7221723794937134],
    [5.9177045822143555, -1.5091794729232788, -0.6763519048690796],
    [5.372837543487549, -1.350590705871582, -0.6638235449790955],
    [5.562573432922363, -1.1630090475082397, -0.7105966806411743],
    [5.349888801574707, -1.2024179697036743, -0.6648909449577332],
    [4.475949764251709, -1.7106558084487915, -0.637130618095398],
    [4.477022171020508, -1.2559750080108643, -0.6303635239601135],
    [4.604303359985352, -1.227733850479126, -0.6432560682296753],
    [4.531462669372559, -1.0779846906661987, -0.6875090599060059],
    [4.584104061126709, -1.285881757736206, -0.7655497789382935],
    [4.5365376472473145, -1.2648123502731323, -0.7895139455795288],
    [4.533152103424072, -1.4798580408096313, -0.7757918238639832],
    [4.630821228027344, -1.4588608741760254, -0.8194175362586975],
    [4.5693817138671875, -1.2841565608978271, -0.7415820360183716],
    [4.540339946746826, -1.095596432685852, -0.7186185121536255],
    [4.515964508056641, -0.9767900109291077, -0.677994966506958],
    [4.6706719398498535, -0.8732433319091797, -0.6904872059822083],
    [4.710589408874512, -0.9197397828102112, -0.6177232265472412],
    [4.7401509284973145, -1.0758084058761597, -0.6396430730819702],
    [4.693018436431885, -1.2711310386657715, -0.6269850134849548],
    [6.581246376037598, -1.2034682035446167, -0.7112330794334412],
    [6.132927417755127, -1.3161424398422241, -0.6321229934692383],
    [6.337377548217773, -0.9972674250602722, -0.6851165890693665],
    [5.549737453460693, -1.2134137153625488, -0.6376028060913086],
    [5.563788414001465, -1.1985095739364624, -0.6387287974357605]
]
