[
    [4.307980060577393, -2.0154712200164795, -0.6340323686599731],
    [5.003827095031738, -1.6980472803115845, -0.6328330636024475],
    [4.926853179931641, -1.5406521558761597, -0.6583680510520935],
    [4.906871795654297, -1.404758334159851, -0.597341001033783],
    [4.26729154586792, -1.9091414213180542, -0.5300610661506653],
    [4.2594146728515625, -1.9081785678863525, -0.5509057641029358],
    [4.178377628326416, -2.0715410709381104, -0.5178436040878296],
    [4.2816162109375, -2.0360710620880127, -0.5582330822944641],
    [4.645914554595947, -2.0062339305877686, -0.6351780295372009],
    [4.063804626464844, -1.9305638074874878, -0.5302022099494934],
    [5.274653911590576, -1.5138660669326782, -0.615820050239563],
    [4.624470233917236, -2.815509796142578, -0.5764827728271484],
    [4.041732311248779, -1.8575726747512817, -0.5916545987129211],
    [6.170961856842041, -1.5782525539398193, -0.635357141494751],
    [5.064916610717773, -1.5605937242507935, -0.605902373790741],
    [4.831107139587402, -1.5851894617080688, -0.550672173500061],
    [6.49210262298584, -0.9043134450912476, -0.6468164920806885],
    [6.939970016479492, -1.02988600730896, -0.6917896270751953],
    [6.906684875488281, -0.8535154461860657, -0.6482895016670227],
    [5.220276832580566, -1.362431287765503, -0.5775771737098694],
    [4.085242748260498, -1.791455864906311, -0.6064820289611816],
    [4.204684257507324, -2.0959112644195557, -0.594346284866333],
    [4.163212776184082, -2.16076397895813, -0.5328943133354187],
    [4.204908847808838, -1.9862358570098877, -0.5456324219703674],
    [6.260873794555664, -1.141564130783081, -0.6914383769035339],
    [6.339427947998047, -0.659416913986206, -0.6507968902587891],
    [6.7596330642700195, -0.5965997576713562, -0.6611943244934082],
    [5.26420783996582, 3.3776497840881348, -0.6676976084709167],
    [2.6926465034484863, 2.0918354988098145, -0.5998989939689636],
    [8.330248832702637, -0.742667555809021, -0.6995542645454407],
    [5.23881721496582, -1.5900706052780151, -0.5797333121299744],
    [5.076297283172607, -1.4889216423034668, -0.560883104801178],
    [4.120233535766602, -1.750231146812439, -0.6086145639419556],
    [7.0165300369262695, -0.7547390460968018, -0.6475436091423035],
    [9.21965503692627, 0.39602214097976685, -0.748131275177002],
    [6.139408111572266, 3.805133819580078, -0.662926435470581],
    [9.06430435180664, 0.5017175078392029, -0.7080249190330505],
    [5.222354412078857, -1.5199791193008423, -0.6128638982772827],
    [5.235467910766602, -1.4889358282089233, -0.6128166317939758],
    [3.9875943660736084, -1.89773428440094, -0.6523260474205017],
    [4.113109588623047, -2.07344913482666, -0.46926137804985046],
    [4.265007495880127, -2.0284504890441895, -0.5385826826095581],
    [4.370862007141113, -1.7998536825180054, -0.6110610961914062],
    [4.67983341217041, -1.6400948762893677, -0.6604615449905396],
    [7.097788333892822, -0.4742211699485779, -0.6936034560203552],
    [7.360531330108643, -0.3322860896587372, -0.6536041498184204],
    [7.275737285614014, 5.083752632141113, -0.6615644097328186],
    [5.642893314361572, 3.539262056350708, -0.5844359397888184],
    [10.883645057678223, 1.7212538719177246, -0.6276648640632629],
    [5.18282413482666, -1.6586791276931763, -0.5783867239952087],
    [5.187403678894043, -1.547286868095398, -0.5964602828025818],
    [3.931319236755371, -1.8318980932235718, -0.65416020154953],
    [5.030803680419922, -1.5323103666305542, -0.5952350497245789],
    [7.241780757904053, -0.9257413148880005, -0.6385320425033569],
    [8.332114219665527, -0.18775661289691925, -0.7124704122543335],
    [7.910190582275391, -0.260019451379776, -0.6109222769737244],
    [5.462149620056152, -1.4954090118408203, -0.5869085192680359],
    [5.4534220695495605, -1.3440300226211548, -0.622314453125],
    [3.810803174972534, -1.9757492542266846, -0.6970680952072144],
    [4.294105529785156, -1.8286281824111938, -0.46049708127975464],
    [4.643196105957031, -1.6090388298034668, -0.5877659320831299],
    [4.72698450088501, -1.3199653625488281, -0.5948230624198914],
    [9.095108032226562, 1.6470115184783936, -0.580888032913208],
    [7.488085746765137, -0.24946700036525726, -0.6199150085449219],
    [10.936898231506348, 3.6328225135803223, -0.7068721055984497],
    [6.941136837005615, 4.959298133850098, -0.646325409412384],
    [11.310874938964844, 2.846406936645508, -0.5610196590423584],
    [5.492809295654297, -1.5815813541412354, -0.6105467081069946],
    [5.390094757080078, -1.571268081665039, -0.5916458964347839],
    [5.24666166305542, -1.410465955734253, -0.5469645857810974],
    [7.410000801086426, -0.6134703159332275, -0.596164882183075],
    [11.249167442321777, 2.741330862045288, -0.7208725810050964],
    [8.762540817260742, 7.327141761779785, -0.6751880645751953],
    [9.69618034362793, 1.152409553527832, -0.581311821937561],
    [5.618661880493164, -1.4833998680114746, -0.6417675018310547],
    [5.647461891174316, -1.3430074453353882, -0.6471567749977112],
    [3.842515468597412, -1.906693458557129, -0.6880903840065002],
    [4.176089763641357, -1.8663519620895386, -0.618130087852478],
    [4.256921291351318, -1.632201910018921, -0.4432523548603058],
    [5.046987056732178, -1.5613372325897217, -0.5513143539428711],
    [9.832568168640137, 2.2535104751586914, -0.5612243413925171],
    [7.4525837898254395, -0.021920204162597656, -0.6005874872207642],
    [11.469528198242188, 5.6071696281433105, -0.5923325419425964],
    [8.251259803771973, 7.330190658569336, -0.6054431200027466],
    [12.079471588134766, 4.107913017272949, -0.6519577503204346],
    [5.6086883544921875, -1.5401995182037354, -0.6122438311576843],
    [5.367926120758057, -1.54131281375885, -0.5838725566864014],
    [5.314943313598633, -1.6247581243515015, -0.5842230916023254],
    [7.4510111808776855, -0.7193946838378906, -0.610640287399292],
    [8.711234092712402, 0.2465454339981079, -0.6856043934822083],
    [6.4728803634643555, -1.768606424331665, -0.5794937014579773],
    [7.871192932128906, -0.2628577947616577, -0.6199088096618652],
    [5.557298183441162, -1.600828766822815, -0.625838041305542],
    [5.617079734802246, -1.4184532165527344, -0.636874258518219],
    [3.6345529556274414, -1.9232250452041626, -0.651095986366272],
    [3.9042322635650635, -1.6052182912826538, -0.535108745098114],
    [4.028952598571777, -1.7812212705612183, -0.46962833404541016],
    [4.780221939086914, -1.6074376106262207, -0.5930992364883423],
    [4.489797592163086, -1.556330680847168, -0.5558526515960693],
    [10.219630241394043, 3.1780693531036377, -0.6186438798904419],
    [7.289834499359131, -0.21129876375198364, -0.6195151805877686],
    [11.619961738586426, 6.899175643920898, -0.5438724160194397],
    [8.113542556762695, 7.651561260223389, -0.5797545313835144],
    [12.06463623046875, 4.776284694671631, -0.6311766505241394],
    [5.60371208190918, -1.530076026916504, -0.6384852528572083],
    [5.370640754699707, -1.5660487413406372, -0.5987130403518677],
    [4.1009368896484375, -1.246460199356079, -0.5029563307762146],
    [4.25111722946167, -2.2795610427856445, -0.5690639615058899],
    [7.100613594055176, -0.7671304941177368, -0.65726238489151],
    [11.891609191894531, 5.432777404785156, -0.6672385334968567],
    [7.350918292999268, 5.716495513916016, -0.688277006149292],
    [7.786655426025391, -0.16437366604804993, -0.6198779940605164],
    [5.465075492858887, -1.745333194732666, -0.599994421005249],
    [5.623848915100098, -1.483682632446289, -0.6690816879272461],
    [3.7012739181518555, -1.775045394897461, -0.6452820897102356],
    [3.897329568862915, -1.8470693826675415, -0.5868470668792725],
    [3.8585166931152344, -1.780831217765808, -0.5385627746582031],
    [3.65351939201355, -1.5396658182144165, -0.5572556853294373],
    [3.8019378185272217, -1.7895013093948364, -0.5614696741104126],
    [3.9639015197753906, -0.8340609073638916, -0.4944804310798645],
    [3.904698610305786, -1.5434515476226807, -0.5037047863006592],
    [3.3966877460479736, 2.524932622909546, -0.49155139923095703],
    [8.488746643066406, 1.4183157682418823, -0.6663904786109924],
    [7.174744129180908, -0.6906316876411438, -0.6716728210449219],
    [11.663118362426758, 7.680847644805908, -0.5694204568862915],
    [11.275290489196777, 7.57626485824585, -0.5912775993347168],
    [11.73711109161377, 4.826517581939697, -0.6107966303825378],
    [5.5627522468566895, -1.6238620281219482, -0.6383448839187622],
    [5.405517101287842, -1.6690850257873535, -0.6146116852760315],
    [2.6496338844299316, -0.6988063454627991, -0.7234675288200378],
    [3.7250211238861084, -1.4435722827911377, -0.45013856887817383],
    [6.326756000518799, -1.2594289779663086, -0.6457080245018005],
    [8.339577674865723, -0.42856281995773315, -0.6431998014450073],
    [6.710066318511963, -1.7593669891357422, -0.5818344950675964],
    [6.9950852394104, -0.8933829069137573, -0.6322831511497498],
    [5.638741493225098, -1.5865336656570435, -0.5713859796524048],
    [3.79532527923584, -1.5807679891586304, -0.6282154321670532],
    [3.6991686820983887, -1.5068535804748535, -0.5944263935089111],
    [3.8760974407196045, -1.231020212173462, -0.5560986995697021],
    [3.3764495849609375, -1.1285349130630493, -0.5966634154319763],
    [3.382380723953247, -0.9850622415542603, -0.6965353488922119],
    [3.2519073486328125, -1.1235891580581665, -0.7764847278594971],
    [3.4151430130004883, -1.448892593383789, -0.6872260570526123],
    [3.590503454208374, 3.069873809814453, -0.5270358324050903],
    [3.890972375869751, -1.5312162637710571, -0.5730586647987366],
    [5.886752128601074, -1.2591090202331543, -0.631260335445404],
    [11.679803848266602, 6.695775032043457, -0.5982635617256165],
    [11.487689018249512, 7.719165325164795, -0.5651158690452576],
    [10.800756454467773, 2.513996124267578, -0.5954956412315369],
    [5.4957685470581055, -1.7077275514602661, -0.6113764643669128],
    [5.343278408050537, -1.6937003135681152, -0.5701690912246704],
    [4.053716659545898, -1.3819979429244995, -0.5953855514526367],
    [4.107585430145264, -1.1359561681747437, -0.5314294695854187],
    [3.9539077281951904, -0.6460406184196472, -0.5810509324073792],
    [3.6278204917907715, -0.33019280433654785, -0.6776064038276672],
    [3.404697895050049, -0.5768265724182129, -0.7495171427726746],
    [5.0767292976379395, -1.5745145082473755, -0.6116143465042114],
    [8.734075546264648, 6.63658332824707, -0.6288232207298279],
    [6.775421619415283, 4.712981700897217, -0.7174286842346191],
    [5.465993404388428, -1.8128764629364014, -0.610501766204834],
    [5.362545967102051, -1.6678704023361206, -0.6888567805290222],
    [5.5181989669799805, -1.71713125705719, -0.6180291175842285],
    [3.997380256652832, -1.3400874137878418, -0.6010645627975464],
    [4.164266586303711, -1.1453818082809448, -0.5221430063247681],
    [4.264871597290039, -0.6619514226913452, -0.5970152616500854],
    [3.9267170429229736, -0.7539796829223633, -0.5867530107498169],
    [3.6491103172302246, -0.7898200154304504, -0.5653973817825317],
    [3.8270018100738525, -0.9463935494422913, -0.6570077538490295],
    [4.275043964385986, -1.100161075592041, -0.6581841111183167],
    [3.2364909648895264, 2.590866804122925, -0.6373879313468933],
    [3.875331401824951, 3.267915964126587, -0.5472036600112915],
    [4.85983419418335, -1.4061789512634277, -0.6415127515792847],
    [11.262372016906738, 5.61451530456543, -0.6128639578819275],
    [11.421195030212402, 6.388843536376953, -0.6326637268066406],
    [10.248124122619629, 1.2175872325897217, -0.6970134377479553],
    [5.493021488189697, -1.7849189043045044, -0.6508554816246033],
    [5.507267951965332, -1.8341014385223389, -0.6092383861541748],
    [4.349743843078613, -1.4804399013519287, -0.598793625831604],
    [4.323277950286865, -1.2800203561782837, -0.6039027571678162],
    [4.055580139160156, -1.0811656713485718, -0.6397076845169067],
    [3.9450876712799072, -1.4940043687820435, -0.6067801713943481],
    [2.5768353939056396, 0.05167932063341141, -0.62080317735672],
    [2.0908901691436768, 1.2430658340454102, -0.6354091763496399],
    [1.9161756038665771, 1.9552720785140991, -0.5950135588645935],
    [5.5414719581604, 1.7960255146026611, -0.7220335006713867],
    [6.4098992347717285, -1.7370786666870117, -0.6842231154441833],
    [5.357955455780029, -1.8746354579925537, -0.5971046686172485],
    [4.579357624053955, -1.494688630104065, -0.62591952085495],
    [4.48429012298584, -1.6466119289398193, -0.7279261946678162],
    [4.259617328643799, -2.036156415939331, -0.7029467225074768],
    [4.285916328430176, -2.510082244873047, -0.6081066727638245],
    [4.078481197357178, -2.5154531002044678, -0.6098133325576782],
    [4.116585731506348, -1.8726876974105835, -0.65334153175354],
    [3.487980842590332, 1.3233234882354736, -0.59903484582901],
    [6.300036907196045, -1.5607045888900757, -0.7145777940750122],
    [6.562498569488525, -1.125970721244812, -0.6754612922668457],
    [6.398375511169434, -1.4162120819091797, -0.7092016339302063],
    [5.436983108520508, -1.7048484086990356, -0.6632004976272583],
    [5.510986328125, -1.781826138496399, -0.6480861306190491],
    [3.923381805419922, -1.685030460357666, -0.5404556393623352],
    [4.114299774169922, -1.8081135749816895, -0.5707416534423828],
    [1.8964418172836304, -2.335245132446289, -0.4847227931022644],
    [4.24974250793457, -1.8306516408920288, -0.5251007080078125],
    [1.4628037214279175, -2.3441925048828125, -0.5162768363952637],
    [1.6414896249771118, -2.399576425552368, -0.481320321559906],
    [4.1127424240112305, -1.8631596565246582, -0.5767210125923157],
    [4.382604598999023, -1.9031647443771362, -0.6004070043563843],
    [4.163080215454102, -1.9984053373336792, -0.5883933305740356],
    [5.032811164855957, -1.5811680555343628, -0.6368531584739685],
    [4.981398105621338, -1.440209984779358, -0.6312110424041748],
    [4.174269199371338, -1.7735859155654907, -0.5645359754562378],
    [4.204365253448486, -1.7513576745986938, -0.531035304069519],
    [4.0813775062561035, -1.7657585144042969, -0.5593635439872742],
    [4.200212478637695, -1.854688286781311, -0.5333263874053955],
    [4.290829181671143, -1.8249573707580566, -0.5476373434066772],
    [4.209851264953613, -1.8412047624588013, -0.5394786596298218],
    [4.247451305389404, -1.9112558364868164, -0.5017935633659363],
    [4.118948936462402, -1.9963512420654297, -0.5051111578941345],
    [4.206797122955322, -1.943319320678711, -0.5130835771560669],
    [4.227129936218262, -1.9487918615341187, -0.531972348690033],
    [4.291740417480469, -1.9115726947784424, -0.5579826831817627],
    [4.596274375915527, -1.9682230949401855, -0.607687771320343],
    [4.066989421844482, -2.0332114696502686, -0.5230444073677063],
    [5.3401007652282715, -1.7627058029174805, -0.5916966199874878],
    [4.562757968902588, -1.6079503297805786, -0.5900498628616333],
    [4.593146324157715, -2.5083298683166504, -0.5556968450546265],
    [5.747096538543701, -1.4934941530227661, -0.6228839755058289],
    [5.014564514160156, -1.4765424728393555, -0.5999478697776794],
    [4.802725791931152, -1.6223843097686768, -0.5497384667396545],
    [4.156527042388916, -1.719379186630249, -0.5902307629585266],
    [4.089265823364258, -1.6257435083389282, -0.5408071279525757],
    [4.054763317108154, -1.8093920946121216, -0.5473968982696533],
    [4.023889064788818, -1.6858175992965698, -0.5178614854812622],
    [4.201462745666504, -1.9160594940185547, -0.5439485311508179],
    [4.133448600769043, -1.8995106220245361, -0.5226380825042725],
    [4.226362228393555, -2.141181707382202, -0.5214546918869019],
    [4.068025588989258, -2.012305736541748, -0.5308222770690918],
    [4.260196685791016, -2.165081024169922, -0.5489595532417297],
    [4.1872382164001465, -2.0017285346984863, -0.5430387258529663],
    [4.372809410095215, -1.9725594520568848, -0.57680743932724],
    [4.281129837036133, -1.9848072528839111, -0.5824897885322571],
    [4.4250359535217285, -1.8461017608642578, -0.5696349143981934],
    [4.366427898406982, -1.9092680215835571, -0.5976269245147705],
    [6.681320667266846, -1.1039113998413086, -0.6754512190818787],
    [6.817842483520508, -0.8418890833854675, -0.6420228481292725],
    [5.1744585037231445, -1.428096055984497, -0.5790925621986389],
    [5.195367813110352, -1.28013277053833, -0.5725365877151489],
    [4.064204692840576, -1.7045447826385498, -0.5818592309951782],
    [4.066146373748779, -1.7537881135940552, -0.5697218179702759],
    [4.169599533081055, -2.0309314727783203, -0.5645048022270203],
    [4.212583541870117, -2.019836187362671, -0.5420092344284058],
    [4.118223190307617, -2.0877506732940674, -0.5973311066627502],
    [4.200033664703369, -2.1242668628692627, -0.5368554592132568],
    [4.141751766204834, -2.148503541946411, -0.5286922454833984],
    [4.202368259429932, -2.0610809326171875, -0.5392707586288452],
    [4.155394554138184, -2.0005674362182617, -0.5464417338371277],
    [4.258993148803711, -1.855455994606018, -0.573738694190979],
    [6.236262798309326, -1.1453665494918823, -0.6607154607772827],
    [4.3741679191589355, -1.8912484645843506, -0.5943343639373779],
    [6.4433746337890625, -0.9411305785179138, -0.6629225015640259],
    [6.706250190734863, -0.6973370909690857, -0.6685990691184998],
    [7.861177444458008, -0.9662387371063232, -0.6993950009346008],
    [4.357445240020752, -2.4223384857177734, -0.5621803402900696],
    [7.788991928100586, -1.0636317729949951, -0.6877869963645935],
    [5.225545883178711, -1.5005741119384766, -0.5762267708778381],
    [5.046988010406494, -1.5517239570617676, -0.5844736695289612],
    [4.099243640899658, -1.8308308124542236, -0.5992565155029297],
    [4.057306289672852, -1.7178361415863037, -0.5985482335090637],
    [4.041899681091309, -1.7968683242797852, -0.5407174229621887],
    [4.015315055847168, -1.8393150568008423, -0.5337255001068115],
    [4.056817054748535, -2.0809812545776367, -0.5003947019577026],
    [4.185440540313721, -2.0356459617614746, -0.5031437873840332],
    [4.220357894897461, -2.1172142028808594, -0.539527416229248],
    [4.324061870574951, -1.9978059530258179, -0.5445587038993835],
    [4.293289661407471, -1.9120075702667236, -0.571681559085846],
    [4.320254802703857, -1.762884259223938, -0.538725733757019],
    [4.330294132232666, -1.8325353860855103, -0.602569580078125],
    [4.405226230621338, -1.816116213798523, -0.5776086449623108],
    [4.3861284255981445, -1.9141796827316284, -0.6166127324104309],
    [4.536564826965332, -1.7283703088760376, -0.5788500905036926],
    [8.871527671813965, 0.054258011281490326, -0.7356225848197937],
    [8.736432075500488, 0.39412784576416016, -0.71751469373703],
    [5.225283622741699, -1.5510464906692505, -0.5966517925262451],
    [5.2281494140625, -1.4000887870788574, -0.6207152605056763],
    [3.92203950881958, -1.8462278842926025, -0.6550471186637878],
    [4.078474044799805, -1.7416973114013672, -0.6398059129714966],
    [4.007170677185059, -1.8802014589309692, -0.5893012881278992],
    [4.066767692565918, -1.9899227619171143, -0.5215941071510315],
    [3.967636823654175, -2.0649940967559814, -0.5394119620323181],
    [4.059822082519531, -1.9872747659683228, -0.4453918933868408],
    [4.256071090698242, -2.1394524574279785, -0.4791772961616516],
    [4.188069820404053, -2.0223634243011475, -0.5060591697692871],
    [4.26279354095459, -1.9168484210968018, -0.5419809818267822],
    [4.317111015319824, -1.750772476196289, -0.5727944374084473],
    [4.461653232574463, -1.7023978233337402, -0.5519580841064453],
    [4.624475955963135, -1.6101093292236328, -0.6164594888687134],
    [4.661593437194824, -1.5915971994400024, -0.5851953625679016],
    [7.097443580627441, -0.6153193116188049, -0.6300724744796753],
    [7.319512367248535, -0.44851088523864746, -0.6518262028694153],
    [9.98193073272705, 0.8792173266410828, -0.6734943985939026],
    [7.0990166664123535, -1.31574547290802, -0.5402534008026123],
    [10.313080787658691, 1.0972576141357422, -0.6409382224082947],
    [5.2099761962890625, -1.6057478189468384, -0.5725951790809631],
    [5.141425609588623, -1.630527377128601, -0.6070427894592285],
    [3.8643767833709717, -1.8367648124694824, -0.6655164361000061],
    [3.896705150604248, -1.78335440158844, -0.6467388868331909],
    [3.8022942543029785, -1.9456754922866821, -0.6027218699455261],
    [3.832909107208252, -1.948849081993103, -0.5776807069778442],
    [3.888521671295166, -2.1540780067443848, -0.5508555173873901],
    [4.032433986663818, -2.122734785079956, -0.5298030376434326],
    [4.241428852081299, -2.232807159423828, -0.48631060123443604],
    [4.175819396972656, -2.0388400554656982, -0.5335937738418579],
    [4.337828636169434, -1.752146601676941, -0.5406630039215088],
    [4.261936664581299, -1.6912778615951538, -0.47528743743896484],
    [4.4353814125061035, -1.7279689311981201, -0.5237497687339783],
    [4.435295104980469, -1.5074429512023926, -0.5204091668128967],
    [4.733736515045166, -1.5957974195480347, -0.6035202741622925],
    [5.011977672576904, -1.5421406030654907, -0.5552330017089844],
    [8.16071605682373, -0.3826637864112854, -0.6953262090682983],
    [7.704835414886475, -0.33149468898773193, -0.5770574808120728],
    [5.4597320556640625, -1.4888532161712646, -0.5680326223373413],
    [3.7660434246063232, -1.8747190237045288, -0.6947010159492493],
    [4.055572986602783, -1.7442930936813354, -0.6389023661613464],
    [3.87284255027771, -1.8695062398910522, -0.6074615716934204],
    [4.108633041381836, -2.067049503326416, -0.49862778186798096],
    [3.872331380844116, -2.2046806812286377, -0.597863495349884],
    [4.016470909118652, -2.1372923851013184, -0.560565710067749],
    [4.171903133392334, -2.2089016437530518, -0.5183682441711426],
    [4.148257732391357, -1.9659624099731445, -0.5079057812690735],
    [4.111461639404297, -1.8769978284835815, -0.457097589969635],
    [4.241763591766357, -1.7522764205932617, -0.45058852434158325],
    [4.341728210449219, -1.5030434131622314, -0.4984922409057617],
    [4.627971172332764, -1.524158000946045, -0.5245174765586853],
    [4.727142333984375, -1.2907971143722534, -0.550421416759491],
    [8.939241409301758, 1.5076544284820557, -0.553634524345398],
    [7.501819610595703, -0.44218307733535767, -0.6226071715354919],
    [10.690109252929688, 2.8148233890533447, -0.679201602935791],
    [8.068198204040527, -0.12145061790943146, -0.6717795133590698],
    [10.771305084228516, 1.846337914466858, -0.5725561380386353],
    [5.460820198059082, -1.5271927118301392, -0.6128692030906677],
    [5.332564830780029, -1.632003664970398, -0.5958016514778137],
    [3.8584249019622803, -1.8139065504074097, -0.6885056495666504],
    [3.862633228302002, -1.7481611967086792, -0.5910217761993408],
    [3.8388941287994385, -1.7847691774368286, -0.6092298626899719],
    [3.804549217224121, -1.9011696577072144, -0.5802790522575378],
    [3.7603683471679688, -2.0994386672973633, -0.6536463499069214],
    [3.8358771800994873, -2.1025595664978027, -0.5430798530578613],
    [3.8274080753326416, -2.1475861072540283, -0.5523486137390137],
    [3.815540075302124, -2.048815965652466, -0.49691927433013916],
    [3.890096664428711, -1.9491885900497437, -0.4547841250896454],
    [3.860301971435547, -1.8364132642745972, -0.45404767990112305],
    [4.252354145050049, -1.6834410429000854, -0.5400702953338623],
    [4.331669807434082, -1.585568904876709, -0.510830819606781],
    [5.189743995666504, -1.3456629514694214, -0.5041813850402832],
    [10.491172790527344, 1.9749201536178589, -0.7144054174423218],
    [7.2751359939575195, -1.1260498762130737, -0.6347629427909851],
    [9.36785888671875, 0.8117956519126892, -0.5988849997520447],
    [5.612836837768555, -1.509989857673645, -0.6276231408119202],
    [5.592947959899902, -1.2917590141296387, -0.6366404294967651],
    [3.763279914855957, -1.8488531112670898, -0.6821954846382141],
    [4.105740547180176, -1.8081707954406738, -0.6070669293403625],
    [3.862171173095703, -1.865901231765747, -0.5890928506851196],
    [4.0621538162231445, -2.1051321029663086, -0.553791344165802],
    [3.6501832008361816, -2.2698631286621094, -0.6178858876228333],
    [3.687757968902588, -2.2739479541778564, -0.6539363265037537],
    [3.5795960426330566, -2.302323579788208, -0.6697266101837158],
    [3.855599880218506, -1.9242740869522095, -0.5015498995780945],
    [3.9152514934539795, -1.7204355001449585, -0.48982012271881104],
    [4.104907035827637, -1.5292152166366577, -0.44742414355278015],
    [4.098525524139404, -1.5750919580459595, -0.5447258949279785],
    [5.037201881408691, -1.3263804912567139, -0.5202076435089111],
    [4.963502407073975, -1.1070058345794678, -0.5694810152053833],
    [9.511436462402344, 1.8515136241912842, -0.563347339630127],
    [7.418896198272705, -0.12471061944961548, -0.5705617666244507],
    [11.421516418457031, 4.424132823944092, -0.6210233569145203],
    [10.03019905090332, 1.1955074071884155, -0.6443140506744385],
    [11.825559616088867, 3.3265233039855957, -0.6866865158081055],
    [5.553684234619141, -1.4936667680740356, -0.626471996307373],
    [5.321613788604736, -1.535080075263977, -0.5908796787261963],
    [3.740809917449951, -1.8204659223556519, -0.6381599307060242],
    [3.763040065765381, -1.831495761871338, -0.603239119052887],
    [3.7808260917663574, -1.9651118516921997, -0.6331032514572144],
    [3.462228775024414, -2.0859463214874268, -0.6182499527931213],
    [3.1405982971191406, -2.37185001373291, -0.7262125015258789],
    [3.1048684120178223, -2.255781888961792, -0.7358447909355164],
    [3.3823752403259277, -2.1431126594543457, -0.7531490325927734],
    [3.3458762168884277, -1.949611783027649, -0.5917233228683472],
    [3.90128231048584, -1.533650517463684, -0.5190147161483765],
    [3.7668840885162354, -1.4443085193634033, -0.47589606046676636],
    [4.142055511474609, -1.3045754432678223, -0.5132553577423096],
    [3.981384038925171, -1.5209187269210815, -0.5458731651306152],
    [4.793818473815918, -1.3942017555236816, -0.6160301566123962],
    [5.115556716918945, -1.4573884010314941, -0.5624228715896606],
    [8.514816284179688, 0.11837819218635559, -0.649108350276947],
    [7.639399528503418, -0.4555738866329193, -0.6160342693328857],
    [5.533201217651367, -1.6245448589324951, -0.614538848400116],
    [3.6205546855926514, -1.8596484661102295, -0.6411512494087219],
    [3.844987630844116, -1.9287983179092407, -0.6038916110992432],
    [3.6995656490325928, -1.951162338256836, -0.5274914503097534],
    [3.5133047103881836, -2.098506450653076, -0.595221757888794],
    [3.308175802230835, -2.251237154006958, -0.6717862486839294],
    [3.4026434421539307, -2.46433162689209, -0.7729863524436951],
    [3.2398767471313477, -2.174633502960205, -0.6844368577003479],
    [3.63093900680542, -2.129075765609741, -0.6836189031600952],
    [3.7880747318267822, -1.7408735752105713, -0.5667822360992432],
    [3.9403276443481445, -1.4803688526153564, -0.511981189250946],
    [4.0678839683532715, -1.44767165184021, -0.4962226152420044],
    [4.8757429122924805, -1.2794649600982666, -0.5990414619445801],
    [4.522541522979736, -1.4492746591567993, -0.5723444223403931],
    [10.005154609680176, 2.9642529487609863, -0.619722843170166],
    [7.165682315826416, -0.14582684636116028, -0.6019129753112793],
    [11.664398193359375, 5.804227352142334, -0.5692269802093506],
    [10.406949043273926, 2.0918984413146973, -0.6988911032676697],
    [11.763643264770508, 3.470055341720581, -0.6301822066307068],
    [5.546631336212158, -1.4443790912628174, -0.6352828741073608],
    [5.333402633666992, -1.5131254196166992, -0.5938669443130493],
    [3.7051379680633545, -1.6886440515518188, -0.6100512146949768],
    [3.6741769313812256, -1.7536959648132324, -0.5625374913215637],
    [3.630906820297241, -1.762637734413147, -0.5128527283668518],
    [3.4303596019744873, -1.7502764463424683, -0.5919424295425415],
    [3.2754878997802734, -1.843140959739685, -0.631255567073822],
    [3.1538047790527344, -2.0916905403137207, -0.6961542963981628],
    [3.36466121673584, -2.065889596939087, -0.6418053507804871],
    [3.4975547790527344, -1.7934279441833496, -0.524730920791626],
    [4.194492340087891, -1.6169953346252441, -0.6043816208839417],
    [3.744459629058838, -1.3601865768432617, -0.5507535934448242],
    [4.064910888671875, -1.2815018892288208, -0.5404840111732483],
    [3.8279120922088623, -1.533168077468872, -0.4959930181503296],
    [4.141906261444092, -1.771522879600525, -0.6244404911994934],
    [4.261534214019775, -1.885033369064331, -0.6166797280311584],
    [7.471230506896973, -0.7121507525444031, -0.6305590271949768],
    [7.642359733581543, -0.3666269779205322, -0.6014534831047058],
    [5.419816970825195, -1.7883354425430298, -0.5802079439163208],
    [5.561648368835449, -1.3756191730499268, -0.6587662696838379],
    [3.6617157459259033, -1.7249776124954224, -0.6330330967903137],
    [3.8379359245300293, -1.795531988143921, -0.5770204663276672],
    [3.5979809761047363, -1.7138773202896118, -0.5528589487075806],
    [3.461671829223633, -1.7445192337036133, -0.5614219903945923],
    [3.3693346977233887, -1.8547775745391846, -0.6285297274589539],
    [3.449427604675293, -1.9406325817108154, -0.7235701680183411],
    [3.2033491134643555, -2.0611965656280518, -0.665128231048584],
    [3.8486335277557373, -1.969791054725647, -0.5397307276725769],
    [3.7630457878112793, -1.3931083679199219, -0.5450782775878906],
    [3.9180190563201904, -1.5317320823669434, -0.5521785020828247],
    [4.181489944458008, -1.7424620389938354, -0.5904809236526489],
    [8.50799560546875, 0.931483268737793, -0.6774231195449829],
    [7.140202522277832, -0.3799850642681122, -0.6753440499305725],
    [11.658428192138672, 6.131252288818359, -0.6086215376853943],
    [10.622395515441895, 2.5650649070739746, -0.619296669960022],
    [11.584497451782227, 4.019741535186768, -0.6626344919204712],
    [5.507232189178467, -1.5451973676681519, -0.6371842622756958],
    [5.360819339752197, -1.5910663604736328, -0.6053501963615417],
    [3.852022171020508, -1.678531527519226, -0.62984299659729],
    [3.688934803009033, -1.5922589302062988, -0.598624587059021],
    [3.5054068565368652, -1.6219124794006348, -0.5801898241043091],
    [3.183640241622925, -1.7881450653076172, -0.6175374388694763],
    [2.8233487606048584, -2.068993091583252, -0.7164145112037659],
    [2.890777111053467, -2.261274576187134, -0.7558156251907349],
    [2.5802736282348633, -2.3613457679748535, -0.7408391833305359],
    [3.156888008117676, -1.7556113004684448, -0.6671459674835205],
    [3.2022697925567627, -1.439931035041809, -0.6226102113723755],
    [3.175832986831665, -1.2945446968078613, -0.5243698358535767],
    [3.5075905323028564, -1.433497428894043, -0.6163148880004883],
    [3.528120756149292, -1.5186724662780762, -0.5055186748504639],
    [4.013961315155029, -1.669860601425171, -0.5856387615203857],
    [3.555490493774414, -2.0637762546539307, -0.6343900561332703],
    [6.427823066711426, -0.972985029220581, -0.6674382090568542],
    [8.185107231140137, -0.36652708053588867, -0.640334963798523],
    [6.819957256317139, -1.047248125076294, -0.6293067336082458],
    [5.526175022125244, -1.744246482849121, -0.585609495639801],
    [5.594130516052246, -1.475321650505066, -0.5636905431747437],
    [3.8069798946380615, -1.5179375410079956, -0.6127135753631592],
    [3.693047523498535, -1.5226545333862305, -0.5880934596061707],
    [3.707404375076294, -1.2068860530853271, -0.5593007802963257],
    [3.1161513328552246, -1.4026669263839722, -0.6000116467475891],
    [3.1222777366638184, -1.1088042259216309, -0.6950656175613403],
    [3.100787878036499, -1.6749316453933716, -0.8071494698524475],
    [3.2818045616149902, -1.622209072113037, -0.7387484312057495],
    [3.286125659942627, -1.9710890054702759, -0.7030584812164307],
    [3.374962329864502, -1.5669368505477905, -0.6648248434066772],
    [3.661060333251953, -1.2378193140029907, -0.6003939509391785],
    [3.724982500076294, -1.5676122903823853, -0.599875271320343],
    [5.7884297370910645, -1.057558536529541, -0.6621344089508057],
    [11.709125518798828, 5.783954620361328, -0.616364598274231],
    [11.256637573242188, 2.7159011363983154, -0.6437692642211914],
    [10.570581436157227, 1.7746378183364868, -0.5962947010993958],
    [5.442368507385254, -1.6014686822891235, -0.6056411266326904],
    [5.28269624710083, -1.6766730546951294, -0.5691168308258057],
    [3.9997708797454834, -1.4019819498062134, -0.5882241129875183],
    [4.111144065856934, -1.1090551614761353, -0.5195489525794983],
    [4.239719867706299, -0.9738768935203552, -0.5883025527000427],
    [3.9067625999450684, -0.5497170686721802, -0.5822992324829102],
    [3.518113613128662, -0.43288370966911316, -0.666240930557251],
    [3.297039031982422, -0.547878086566925, -0.7447302341461182],
    [3.1575801372528076, -1.182948350906372, -0.6558172702789307],
    [3.350116729736328, -1.1233627796173096, -0.6826464533805847],
    [3.5637574195861816, -1.4293142557144165, -0.607825517654419],
    [3.449946403503418, -1.122605323791504, -0.656440794467926],
    [3.948843002319336, -1.006955623626709, -0.5956275463104248],
    [3.4935052394866943, -1.1834373474121094, -0.6421898007392883],
    [3.297485828399658, -1.5501770973205566, -0.5797605514526367],
    [3.0535593032836914, -1.7803726196289062, -0.5837739706039429],
    [5.078646183013916, -1.4817442893981934, -0.6271390318870544],
    [9.448847770690918, 0.6455045342445374, -0.6366589069366455],
    [6.723421573638916, -1.864648461341858, -0.6735315322875977],
    [5.366281986236572, -1.740749478340149, -0.6121418476104736],
    [5.353152751922607, -1.7222175598144531, -0.6718960404396057],
    [5.478299617767334, -1.6593934297561646, -0.6145864129066467],
    [3.9710941314697266, -1.3118797540664673, -0.5969327688217163],
    [4.18239164352417, -1.104375958442688, -0.5162278413772583],
    [4.183071613311768, -0.6363210082054138, -0.602821946144104],
    [3.9488637447357178, -0.7767183184623718, -0.5868241190910339],
    [3.5308291912078857, -0.8079454302787781, -0.5704678893089294],
    [3.706577777862549, -0.9595040082931519, -0.6773254871368408],
    [3.305755615234375, -1.1661394834518433, -0.6365470886230469],
    [4.072972297668457, -1.354731798171997, -0.6781169772148132],
    [3.7724037170410156, -1.6728854179382324, -0.6369302272796631],
    [3.807471752166748, -1.1198036670684814, -0.6689494848251343],
    [3.6234869956970215, -1.462679147720337, -0.6384143829345703],
    [4.825672626495361, -1.3945666551589966, -0.6410235166549683],
    [11.044757843017578, 4.635846138000488, -0.5958827137947083],
    [10.700841903686523, 1.7905560731887817, -0.6043647527694702],
    [9.974023818969727, 0.836142361164093, -0.6999024152755737],
    [5.450493335723877, -1.6962101459503174, -0.6426578760147095],
    [5.461379051208496, -1.8027827739715576, -0.6028908491134644],
    [4.276578426361084, -1.4634169340133667, -0.5863486528396606],
    [4.300642967224121, -1.2056925296783447, -0.5877386927604675],
    [4.23457145690918, -1.164308786392212, -0.6150943636894226],
    [4.054355144500732, -0.9641472101211548, -0.6249938011169434],
    [3.5629661083221436, -1.2996623516082764, -0.6442345380783081],
    [3.7935447692871094, -1.2046821117401123, -0.6584460139274597],
    [3.1847822666168213, -1.5746880769729614, -0.6582897901535034],
    [3.9622507095336914, -1.2642340660095215, -0.6052829027175903],
    [2.9618656635284424, -2.2626302242279053, -0.6146748661994934],
    [4.057971954345703, -1.5127042531967163, -0.6279735565185547],
    [2.668233633041382, -2.3695030212402344, -0.6403193473815918],
    [4.151556968688965, -1.468741774559021, -0.6305482387542725],
    [1.956555962562561, -2.5782477855682373, -0.5825722813606262],
    [3.8131604194641113, -1.9678515195846558, -0.5875915288925171],
    [4.049679756164551, -1.9395681619644165, -0.6319730877876282],
    [5.654749870300293, -2.2363812923431396, -0.7157076001167297],
    [6.32008171081543, -1.8746634721755981, -0.6834666728973389],
    [5.13779878616333, -1.9008502960205078, -0.6001216769218445],
    [5.2901225090026855, -1.8666720390319824, -0.6394755840301514],
    [5.289710521697998, -1.8572883605957031, -0.6052246689796448],
    [4.644532203674316, -1.7541967630386353, -0.6358617544174194],
    [4.576659202575684, -1.494956135749817, -0.6301178336143494],
    [4.544507026672363, -1.3662793636322021, -0.6851144433021545],
    [4.375642776489258, -1.6326851844787598, -0.7374355792999268],
    [4.214856147766113, -1.8229124546051025, -0.7460614442825317],
    [4.193329811096191, -2.0306882858276367, -0.7202048301696777],
    [4.443911075592041, -2.1749556064605713, -0.6302981972694397],
    [4.199456214904785, -2.388242721557617, -0.6215986013412476],
    [4.421065330505371, -2.68646502494812, -0.5785492658615112],
    [4.103213787078857, -2.3248934745788574, -0.6183445453643799],
    [4.326486110687256, -2.090771198272705, -0.6513658165931702],
    [4.113716125488281, -2.0737133026123047, -0.6613212823867798],
    [4.342591285705566, -1.885941982269287, -0.6260483860969543],
    [3.313513994216919, -2.366352081298828, -0.6221075057983398],
    [4.670719146728516, -1.63290274143219, -0.6795875430107117],
    [6.379890441894531, -1.182502031326294, -0.6659979820251465],
    [5.374293327331543, -1.6767401695251465, -0.6452585458755493],
    [5.45145845413208, -1.7630301713943481, -0.6488919258117676]
]
