[
    [4.212271690368652, -1.8356025218963623, -0.682374894618988],
    [5.193447589874268, -1.3570172786712646, -0.5543506145477295],
    [5.063858509063721, -1.3451346158981323, -0.5908242464065552],
    [5.1153788566589355, -1.3055620193481445, -0.5820044279098511],
    [4.1581854820251465, -1.9535225629806519, -0.5299968123435974],
    [4.314764499664307, -1.857835054397583, -0.522790789604187],
    [4.096123695373535, -1.8721504211425781, -0.5140652656555176],
    [4.214888095855713, -1.6938592195510864, -0.5662510395050049],
    [4.183398723602295, -1.6805856227874756, -0.5762203931808472],
    [3.9331579208374023, -1.816935420036316, -0.5804502367973328],
    [3.7569568157196045, -1.9474514722824097, -0.5961155295372009],
    [4.392618656158447, -2.517766237258911, -0.5259235501289368],
    [5.690828800201416, -1.412387490272522, -0.5374140739440918],
    [5.1963982582092285, -1.5585559606552124, -0.5561908483505249],
    [5.009147644042969, -1.5772219896316528, -0.544525682926178],
    [4.0956573486328125, -1.6173218488693237, -0.6182223558425903],
    [5.4433393478393555, -1.0736879110336304, -0.6434229612350464],
    [5.708532333374023, -1.1374937295913696, -0.5956369638442993],
    [5.168001651763916, -1.4906805753707886, -0.5744365453720093],
    [5.393734455108643, -1.3985528945922852, -0.6086535453796387],
    [4.036455154418945, -1.8206499814987183, -0.5964182615280151],
    [4.120741844177246, -1.988034725189209, -0.5883276462554932],
    [4.143360137939453, -1.8388805389404297, -0.5635172128677368],
    [4.121378421783447, -1.525752305984497, -0.5852521061897278],
    [6.017495155334473, -0.4303444027900696, -0.6957512497901917],
    [5.349281311035156, -0.9996623992919922, -0.6088892817497253],
    [5.176851272583008, -1.2543983459472656, -0.5364547371864319],
    [4.357133865356445, -0.27756306529045105, -0.585720419883728],
    [2.3251283168792725, 2.4360809326171875, -0.509593665599823],
    [7.063016891479492, -0.7832814455032349, -0.5761670470237732],
    [5.322977542877197, -1.5181636810302734, -0.5959082245826721],
    [5.333216190338135, -1.3516818284988403, -0.602385938167572],
    [4.011180400848389, -1.83158540725708, -0.6022513508796692],
    [4.243682384490967, -1.4068926572799683, -0.5061433911323547],
    [6.442713737487793, -0.5231000185012817, -0.5545503497123718],
    [8.945026397705078, 1.0712488889694214, -0.6377378702163696],
    [5.081515789031982, 3.7270596027374268, -0.6000522375106812],
    [8.494879722595215, 0.8112267255783081, -0.6070508360862732],
    [5.259572982788086, -1.3401185274124146, -0.6074775457382202],
    [5.4606614112854, -1.2121086120605469, -0.6333972215652466],
    [3.870596408843994, -1.8747166395187378, -0.6371572613716125],
    [4.097531795501709, -1.7522882223129272, -0.6131768226623535],
    [4.204340934753418, -1.8581827878952026, -0.6083428263664246],
    [4.286230087280273, -1.5067898035049438, -0.6177617311477661],
    [4.409460544586182, -1.172932744026184, -0.6525946855545044],
    [4.566355228424072, -1.2883602380752563, -0.6815816164016724],
    [6.596499919891357, 0.004589006304740906, -0.5653974413871765],
    [6.734387397766113, -0.3603713810443878, -0.5539817214012146],
    [5.699912071228027, 5.587071895599365, -0.5373975038528442],
    [3.445582151412964, 3.091705083847046, -0.58124840259552],
    [9.058430671691895, 1.4336010217666626, -0.5909814834594727],
    [5.513669490814209, -1.3813577890396118, -0.6518320441246033],
    [5.44663143157959, -1.2104891538619995, -0.5774286389350891],
    [3.842254877090454, -1.7652190923690796, -0.6315913200378418],
    [5.068600654602051, -1.1280380487442017, -0.5720107555389404],
    [6.544936180114746, -0.5402289032936096, -0.6103177666664124],
    [7.27309513092041, -0.21727430820465088, -0.6091421246528625],
    [6.736904621124268, -0.5665666460990906, -0.6369030475616455],
    [5.468889236450195, -1.2971723079681396, -0.6641038060188293],
    [5.579101085662842, -1.1644951105117798, -0.6329079270362854],
    [3.826643943786621, -1.903071641921997, -0.6739750504493713],
    [4.4466705322265625, -1.3919551372528076, -0.5489062070846558],
    [4.4821906089782715, -1.151930809020996, -0.6265338063240051],
    [4.6895599365234375, -0.9957050085067749, -0.6153697967529297],
    [5.185614585876465, -0.8943427205085754, -0.6019738912582397],
    [8.403606414794922, 2.17750883102417, -0.5704442858695984],
    [6.718410968780518, -0.4649691581726074, -0.5466302037239075],
    [8.408598899841309, 3.2432117462158203, -0.5587931275367737],
    [5.21798849105835, 4.629228591918945, -0.5617503523826599],
    [8.836040496826172, 1.804499626159668, -0.6534906625747681],
    [5.57252311706543, -1.2985695600509644, -0.6409141421318054],
    [5.433536052703857, -1.1368281841278076, -0.6104440093040466],
    [3.8366751670837402, -1.6280326843261719, -0.5977660417556763],
    [5.616655349731445, -0.857020914554596, -0.6137722134590149],
    [5.720849514007568, -0.9320741891860962, -0.6275772452354431],
    [6.599506855010986, -0.5490052700042725, -0.5894349813461304],
    [9.45592212677002, 3.1103458404541016, -0.6208322048187256],
    [7.149230003356934, 6.3286590576171875, -0.5920917987823486],
    [7.913151741027832, 0.9338603615760803, -0.6173853278160095],
    [5.462336540222168, -1.0990530252456665, -0.6478831171989441],
    [5.581943511962891, -0.9976454973220825, -0.6399322748184204],
    [3.9886035919189453, -1.8266385793685913, -0.7172394394874573],
    [4.3136887550354, -1.6759803295135498, -0.6685879826545715],
    [4.058130741119385, -1.6451456546783447, -0.6166682243347168],
    [4.656094074249268, -1.4100477695465088, -0.6265788078308105],
    [4.969870090484619, -1.2671195268630981, -0.6135174632072449],
    [5.279641151428223, -0.7770142555236816, -0.6035768985748291],
    [5.741790771484375, -0.6323949098587036, -0.6685923933982849],
    [8.680863380432129, 2.7549569606781006, -0.5873955488204956],
    [6.782233715057373, -0.47815054655075073, -0.6138453483581543],
    [9.37895679473877, 4.959431171417236, -0.5480929613113403],
    [5.388503074645996, 6.014255046844482, -0.5213442444801331],
    [9.38984489440918, 2.887465476989746, -0.49753791093826294],
    [5.53115701675415, -1.220543384552002, -0.6344819664955139],
    [5.332556247711182, -1.1039342880249023, -0.6071542501449585],
    [3.9723334312438965, -1.5903527736663818, -0.651316225528717],
    [3.9327731132507324, -1.507979393005371, -0.6437546610832214],
    [5.379205703735352, -1.339215874671936, -0.6357355117797852],
    [6.227090358734131, -0.45459890365600586, -0.6639353036880493],
    [6.164493083953857, -0.5661027431488037, -0.6675771474838257],
    [6.880856037139893, -0.6590671539306641, -0.6058288216590881],
    [7.153374195098877, -0.5007601380348206, -0.6482396125793457],
    [6.592193603515625, -0.6966311931610107, -0.552503764629364],
    [5.415035247802734, -1.1841803789138794, -0.6556227803230286],
    [5.52529239654541, -1.1144617795944214, -0.6223008036613464],
    [3.912705898284912, -1.816602110862732, -0.6941620707511902],
    [4.128244876861572, -1.795178771018982, -0.6601868867874146],
    [3.920940637588501, -1.532185673713684, -0.6678009629249573],
    [4.513293266296387, -1.8221324682235718, -0.7453649044036865],
    [4.838894844055176, -2.1048238277435303, -0.6078013181686401],
    [5.7216057777404785, -0.5546890497207642, -0.7127153873443604],
    [6.2409820556640625, -0.18508315086364746, -0.6911235451698303],
    [8.954050064086914, 4.798696517944336, -0.5042139291763306],
    [6.812015533447266, -0.5733354091644287, -0.6024671196937561],
    [9.398326873779297, 6.379117965698242, -0.5261327624320984],
    [5.676239013671875, 7.214890956878662, -0.4849565029144287],
    [9.412001609802246, 4.049813747406006, -0.5999075770378113],
    [5.4953532218933105, -1.3067971467971802, -0.6620248556137085],
    [5.333617687225342, -1.1614025831222534, -0.6175702214241028],
    [5.079666614532471, -1.5409355163574219, -0.7402998208999634],
    [6.408214569091797, -0.2722046971321106, -0.6451998353004456],
    [6.136390209197998, -0.46693751215934753, -0.6015957593917847],
    [6.618277549743652, -1.0176193714141846, -0.5219536423683167],
    [9.73180866241455, 5.258922576904297, -0.5030730962753296],
    [5.582420349121094, 6.549270153045654, -0.6123477220535278],
    [7.2176103591918945, 0.0521005243062973, -0.52959805727005],
    [5.438684940338135, -1.258848786354065, -0.6274744272232056],
    [5.622122764587402, -1.1966387033462524, -0.6396490931510925],
    [3.926917552947998, -1.712882161140442, -0.651665210723877],
    [4.031102657318115, -1.6751435995101929, -0.609225332736969],
    [3.809178590774536, -1.7311514616012573, -0.6343938708305359],
    [3.7282161712646484, -1.7910351753234863, -0.6598816514015198],
    [4.334832668304443, -0.984862208366394, -0.687311589717865],
    [4.15060567855835, -1.5005033016204834, -0.49401187896728516],
    [3.7263243198394775, 2.2369258403778076, -0.563376247882843],
    [5.603060245513916, -0.6806344389915466, -0.7306233048439026],
    [6.462309837341309, -0.03313378989696503, -0.6369691491127014],
    [8.373160362243652, 3.5643093585968018, -0.4879736006259918],
    [6.5023674964904785, -0.769319474697113, -0.5076626539230347],
    [9.455994606018066, 6.850676536560059, -0.3554050922393799],
    [8.323987007141113, 7.266656398773193, -0.4596129059791565],
    [9.729836463928223, 4.968959331512451, -0.44281554222106934],
    [5.471813201904297, -1.351830244064331, -0.6497782468795776],
    [5.377941131591797, -1.2509962320327759, -0.6377937197685242],
    [3.9292168617248535, -1.7569507360458374, -0.6220362782478333],
    [2.5429153442382812, 1.3170381784439087, -0.783479630947113],
    [6.450503349304199, -0.3465617597103119, -0.5881364345550537],
    [5.722541809082031, -0.4418541491031647, -0.5618554353713989],
    [6.489400863647461, -0.6871271729469299, -0.5457846522331238],
    [7.009538650512695, -0.3897193670272827, -0.5552776455879211],
    [5.523657321929932, -1.7978914976119995, -0.4948163628578186],
    [6.726049900054932, -0.5445977449417114, -0.5316696166992188],
    [5.437602996826172, -1.3354476690292358, -0.6322447061538696],
    [5.630748748779297, -1.2336803674697876, -0.6583793759346008],
    [3.8077077865600586, -1.6439417600631714, -0.6028735637664795],
    [3.8938047885894775, -1.5584442615509033, -0.562944769859314],
    [4.103023052215576, -1.3281543254852295, -0.6105174422264099],
    [3.9346706867218018, -1.5015335083007812, -0.6278284192085266],
    [3.984893321990967, -1.2409018278121948, -0.7458153963088989],
    [3.547333240509033, 2.2518510818481445, -0.5616231560707092],
    [4.232924461364746, -1.2238664627075195, -0.5694925785064697],
    [3.676135301589966, 2.398637533187866, -0.5502637028694153],
    [5.28016471862793, -0.5654429197311401, -0.7077488303184509],
    [6.219433307647705, -0.026980772614479065, -0.6578368544578552],
    [7.6832499504089355, 2.0155787467956543, -0.4225234091281891],
    [6.401309013366699, -0.6416497826576233, -0.5087341666221619],
    [8.790955543518066, 6.693996429443359, -0.35840123891830444],
    [8.842819213867188, 7.541469573974609, -0.5143046975135803],
    [8.917261123657227, 3.0935702323913574, -0.525341808795929],
    [5.458103179931641, -1.4161518812179565, -0.6656121611595154],
    [5.301059246063232, -1.2254256010055542, -0.6199039220809937],
    [4.0154194831848145, -1.4080978631973267, -0.595119833946228],
    [4.09790563583374, -1.5454999208450317, -0.5671993494033813],
    [2.506984233856201, 1.7805973291397095, -0.7311041355133057],
    [6.00217866897583, -0.6529533267021179, -0.5744898319244385],
    [5.30991792678833, -0.33770477771759033, -0.515892505645752],
    [6.317119121551514, -0.3458574414253235, -0.45760422945022583],
    [8.546831130981445, 4.259069919586182, -0.49441853165626526],
    [5.020534992218018, 4.940435886383057, -0.6594434976577759],
    [5.566335678100586, -1.2653827667236328, -0.5055049061775208],
    [5.34721565246582, -1.369824767112732, -0.6491325497627258],
    [5.62008810043335, -1.212080955505371, -0.6371825933456421],
    [3.8573923110961914, -1.4786969423294067, -0.6090375781059265],
    [4.0691070556640625, -1.2781424522399902, -0.5633344650268555],
    [4.478898048400879, -1.0038009881973267, -0.6214742064476013],
    [4.223644256591797, -0.013605847954750061, -0.689856231212616],
    [4.323119640350342, 2.856609582901001, -0.49586719274520874],
    [4.595268726348877, -0.2842644453048706, -0.48920154571533203],
    [4.299473762512207, 3.0725109577178955, -0.5866618156433105],
    [3.9888341426849365, 3.0123937129974365, -0.6693471670150757],
    [5.605010509490967, -0.8976848721504211, -0.6572360992431641],
    [7.454446315765381, 1.9305578470230103, -0.5331904292106628],
    [5.949641227722168, -0.36233729124069214, -0.5475491881370544],
    [8.543800354003906, 5.585206031799316, -0.4371448755264282],
    [8.851537704467773, 5.863859176635742, -0.499423623085022],
    [8.655720710754395, 2.3327794075012207, -0.47439324855804443],
    [5.3931193351745605, -1.445044994354248, -0.6488489508628845],
    [5.3384904861450195, -1.2939916849136353, -0.6191130876541138],
    [4.381961822509766, -1.6047273874282837, -0.603664755821228],
    [4.33075475692749, -1.6671744585037231, -0.5935232043266296],
    [4.204525947570801, -1.618558645248413, -0.5600032210350037],
    [2.4810311794281006, 1.0467051267623901, -0.6897276639938354],
    [4.330597400665283, -1.4920432567596436, -0.6104027628898621],
    [3.9719645977020264, -1.5384150743484497, -0.7529881596565247],
    [1.9207184314727783, 2.0085086822509766, -0.5835888981819153],
    [5.118483543395996, -1.3149216175079346, -0.6080891489982605],
    [5.601296424865723, -0.5721932649612427, -0.565112292766571],
    [5.959617614746094, -0.8471024036407471, -0.6042463183403015],
    [5.791781902313232, -1.7187203168869019, -0.6117410063743591],
    [5.323188781738281, -1.499313235282898, -0.6035884022712708],
    [5.347038269042969, -1.4195679426193237, -0.650416910648346],
    [5.509448051452637, -1.1945773363113403, -0.5992258787155151],
    [4.226419448852539, -2.5052473545074463, -0.6887520551681519],
    [4.199262619018555, -2.1038529872894287, -0.6172802448272705],
    [4.2180562019348145, -1.551090121269226, -0.6154929995536804],
    [4.721026420593262, -1.8494207859039307, -0.669748067855835],
    [5.154489517211914, -1.890851378440857, -0.6591149568557739],
    [5.607388019561768, -0.7170501947402954, -0.6661630272865295],
    [5.970897674560547, -1.1015698909759521, -0.7380667924880981],
    [6.170876502990723, -1.2778286933898926, -0.6817346811294556],
    [6.232631206512451, -1.2392587661743164, -0.6464026570320129],
    [5.359601974487305, -1.443271279335022, -0.6685653924942017],
    [5.468238353729248, -1.4231103658676147, -0.668208122253418],
    [3.9367403984069824, -1.761852741241455, -0.5410938262939453],
    [4.063057899475098, -1.8746085166931152, -0.5635982155799866],
    [1.949725866317749, -2.391627550125122, -0.4707399904727936],
    [4.140652656555176, -1.9075595140457153, -0.5480080842971802],
    [1.5123083591461182, -2.3340353965759277, -0.48913636803627014],
    [4.099494457244873, -1.706364393234253, -0.616721510887146],
    [2.023231267929077, -2.218963861465454, -0.5427689552307129],
    [1.5744986534118652, -2.2784149646759033, -0.5072349905967712],
    [3.906202793121338, -1.7741997241973877, -0.5980247855186462],
    [4.266627311706543, -1.748008131980896, -0.6623733043670654],
    [3.9374241828918457, -1.8040295839309692, -0.601201057434082],
    [5.204297065734863, -1.3213632106781006, -0.5476207733154297],
    [5.092778205871582, -1.2686389684677124, -0.5658613443374634],
    [4.137848377227783, -1.8212254047393799, -0.5642991065979004],
    [4.14835786819458, -1.8661786317825317, -0.5348584055900574],
    [4.058959007263184, -1.7787928581237793, -0.5486240983009338],
    [4.092201232910156, -1.8784010410308838, -0.532904863357544],
    [4.254748821258545, -1.8675663471221924, -0.565510094165802],
    [4.266490459442139, -1.7840039730072021, -0.5135697722434998],
    [4.125127792358398, -1.9418820142745972, -0.5193060636520386],
    [4.035193920135498, -1.8122807741165161, -0.5058090090751648],
    [4.1564435958862305, -1.7423579692840576, -0.5064898729324341],
    [4.162862777709961, -1.621281385421753, -0.5481908321380615],
    [4.252869129180908, -1.700033187866211, -0.5761359333992004],
    [4.163910388946533, -1.6345032453536987, -0.5509457588195801],
    [3.9180705547332764, -1.8753284215927124, -0.5740700364112854],
    [3.654719114303589, -1.981019377708435, -0.589179515838623],
    [3.998447895050049, -1.674074411392212, -0.5798428058624268],
    [4.056186199188232, -2.164257526397705, -0.5901390314102173],
    [4.235861778259277, -2.1598002910614014, -0.5188980102539062],
    [5.406887531280518, -1.3538531064987183, -0.5368625521659851],
    [5.117700099945068, -1.4438973665237427, -0.5625640153884888],
    [5.011850833892822, -1.537829875946045, -0.5476967692375183],
    [4.0502142906188965, -1.7315236330032349, -0.5914866328239441],
    [4.011460304260254, -1.7133512496948242, -0.5409103631973267],
    [4.085991859436035, -1.8571356534957886, -0.547742486000061],
    [3.939364433288574, -1.7345037460327148, -0.5159513354301453],
    [4.171574115753174, -1.8804025650024414, -0.5438737869262695],
    [4.059832572937012, -1.7224290370941162, -0.5133438110351562],
    [4.148765563964844, -1.9873884916305542, -0.5298736691474915],
    [4.027965545654297, -1.765976905822754, -0.5323407053947449],
    [4.185553550720215, -1.9188239574432373, -0.546377956867218],
    [4.1305341720581055, -1.7153172492980957, -0.5560682415962219],
    [4.086757183074951, -1.7402489185333252, -0.5809870958328247],
    [4.037148952484131, -1.6369400024414062, -0.5905894041061401],
    [3.8906846046447754, -1.5722137689590454, -0.5779581069946289],
    [3.9705357551574707, -1.5983527898788452, -0.5789297819137573],
    [5.310081958770752, -1.035617470741272, -0.6070815920829773],
    [5.76970100402832, -1.0857642889022827, -0.5900205969810486],
    [5.196364402770996, -1.385007381439209, -0.5433232188224792],
    [5.3668084144592285, -1.3208750486373901, -0.6054174900054932],
    [4.001585483551025, -1.7508567571640015, -0.5738304257392883],
    [4.019901752471924, -1.8200381994247437, -0.5690341591835022],
    [4.079821586608887, -2.002533435821533, -0.5662292242050171],
    [4.152441024780273, -1.8952585458755493, -0.5529025197029114],
    [4.013791084289551, -1.936314344406128, -0.5739853978157043],
    [4.181030750274658, -1.975990653038025, -0.5410588979721069],
    [4.112215518951416, -1.792752742767334, -0.5444982051849365],
    [4.245203018188477, -1.6785368919372559, -0.5247138738632202],
    [4.059813499450684, -1.5009807348251343, -0.5630139112472534],
    [4.169722557067871, -1.4825942516326904, -0.5663240551948547],
    [6.028946399688721, -0.4087013006210327, -0.6603387594223022],
    [4.186487197875977, -1.491162657737732, -0.5950760841369629],
    [5.330491065979004, -1.0467197895050049, -0.554192304611206],
    [5.169763088226318, -1.2835779190063477, -0.5592973232269287],
    [5.1657867431640625, -1.8714790344238281, -0.5665513873100281],
    [3.718266010284424, -2.190706253051758, -0.4904072880744934],
    [6.409921169281006, -1.0786213874816895, -0.5517372488975525],
    [5.308674335479736, -1.4350612163543701, -0.596723735332489],
    [5.310442924499512, -1.3618834018707275, -0.6093633770942688],
    [3.9305834770202637, -1.8589088916778564, -0.5943105816841125],
    [3.9546923637390137, -1.7908895015716553, -0.5932502746582031],
    [4.004055023193359, -1.9072538614273071, -0.5946094393730164],
    [3.937450408935547, -1.8217874765396118, -0.557438850402832],
    [3.9507522583007812, -1.8711767196655273, -0.5149927735328674],
    [4.041869163513184, -1.7229057550430298, -0.4811742603778839],
    [4.0704169273376465, -1.7902686595916748, -0.5540714263916016],
    [4.1780571937561035, -1.7248705625534058, -0.5728447437286377],
    [4.151801109313965, -1.5747880935668945, -0.5629673004150391],
    [4.28210973739624, -1.4112739562988281, -0.5575101971626282],
    [4.344516277313232, -1.5194146633148193, -0.6283288598060608],
    [4.295055389404297, -1.4468177556991577, -0.636656641960144],
    [4.1859049797058105, -1.4488495588302612, -0.6191852688789368],
    [4.20212459564209, -1.363959789276123, -0.4795428216457367],
    [8.555487632751465, 0.7572622895240784, -0.6045862436294556],
    [8.179983139038086, 0.6588135957717896, -0.609032154083252],
    [5.273656368255615, -1.271910309791565, -0.5787449479103088],
    [5.44508695602417, -1.1541094779968262, -0.6305058598518372],
    [3.8092868328094482, -1.8103004693984985, -0.6420446038246155],
    [4.032833576202393, -1.7359954118728638, -0.6141104698181152],
    [3.9651615619659424, -1.900673508644104, -0.6203077435493469],
    [4.0945539474487305, -1.955987811088562, -0.6227291226387024],
    [3.873434066772461, -1.922385334968567, -0.573045015335083],
    [3.9371283054351807, -1.8867824077606201, -0.5157240033149719],
    [4.042755603790283, -2.0091145038604736, -0.5004412531852722],
    [4.110924243927002, -1.7722256183624268, -0.5634975433349609],
    [4.264564514160156, -1.683688998222351, -0.5641723871231079],
    [4.248925685882568, -1.458288550376892, -0.5787306427955627],
    [4.525472164154053, -1.3166650533676147, -0.6247878670692444],
    [4.391815185546875, -1.163763403892517, -0.5930526256561279],
    [4.6679463386535645, -1.1972320079803467, -0.6257127523422241],
    [6.634833812713623, -0.14118649065494537, -0.526195764541626],
    [6.791024684906006, -0.41762620210647583, -0.5721379518508911],
    [8.975770950317383, 1.1319341659545898, -0.5482672452926636],
    [5.385226726531982, -1.5079572200775146, -0.5651069283485413],
    [8.507121086120605, 0.7544476389884949, -0.5796891450881958],
    [5.488877773284912, -1.300464153289795, -0.6470285654067993],
    [5.412576675415039, -1.2268214225769043, -0.5790817737579346],
    [3.8186495304107666, -1.7766120433807373, -0.6619555950164795],
    [3.811992883682251, -1.724478840827942, -0.626250684261322],
    [3.785410165786743, -1.8760119676589966, -0.6454975008964539],
    [3.777024507522583, -1.8953901529312134, -0.6319323182106018],
    [3.7594504356384277, -1.9801537990570068, -0.7084779739379883],
    [3.8611159324645996, -1.9214900732040405, -0.6182204484939575],
    [4.039377689361572, -2.0648176670074463, -0.4920419454574585],
    [4.02783203125, -1.8461742401123047, -0.5147020220756531],
    [4.350978374481201, -1.5781967639923096, -0.5256102681159973],
    [4.331459999084473, -1.437639594078064, -0.5401172637939453],
    [4.449410438537598, -1.4201258420944214, -0.603350818157196],
    [4.522246360778809, -1.1809710264205933, -0.5628264546394348],
    [4.672651767730713, -1.2976588010787964, -0.6444246768951416],
    [5.090037822723389, -1.122644305229187, -0.5361014604568481],
    [7.040395259857178, -0.31243082880973816, -0.5641476511955261],
    [6.688825607299805, -0.596271276473999, -0.6162632703781128],
    [5.490697860717773, -1.2870104312896729, -0.6335635185241699],
    [5.5291008949279785, -1.0920418500900269, -0.6248845458030701],
    [3.762179136276245, -1.7836742401123047, -0.6719157099723816],
    [4.173128128051758, -1.6813130378723145, -0.6231507658958435],
    [3.8464484214782715, -1.7901198863983154, -0.6416716575622559],
    [4.110604286193848, -1.9489479064941406, -0.5737195014953613],
    [3.8656256198883057, -2.160102128982544, -0.6940494775772095],
    [3.8764102458953857, -1.927748203277588, -0.630133867263794],
    [3.7231976985931396, -1.9933724403381348, -0.5918059945106506],
    [3.9784021377563477, -1.6836745738983154, -0.522580623626709],
    [4.2028584480285645, -1.6173068284988403, -0.4858493208885193],
    [4.411957740783691, -1.4027202129364014, -0.5000166296958923],
    [4.59160041809082, -1.195838451385498, -0.5922753810882568],
    [4.717070579528809, -1.018505573272705, -0.5450520515441895],
    [5.24465274810791, -0.9850211143493652, -0.563871443271637],
    [8.256507873535156, 2.0078234672546387, -0.557394802570343],
    [6.770073890686035, -0.5080478191375732, -0.5346779823303223],
    [8.279583930969238, 2.1537892818450928, -0.5384439826011658],
    [6.147273063659668, -0.7109342813491821, -0.5426561832427979],
    [8.32145881652832, 0.7970126271247864, -0.6428613662719727],
    [5.541157245635986, -1.2246837615966797, -0.641501247882843],
    [5.405990123748779, -1.1232316493988037, -0.6162194013595581],
    [3.818835496902466, -1.6593064069747925, -0.6846485137939453],
    [3.802273988723755, -1.6115355491638184, -0.5852160453796387],
    [3.7112040519714355, -1.762800693511963, -0.5902267694473267],
    [3.6739957332611084, -1.9183560609817505, -0.5739452838897705],
    [3.5600337982177734, -2.3015265464782715, -0.6759968996047974],
    [3.619081974029541, -2.1179466247558594, -0.5937334895133972],
    [3.6581830978393555, -1.9963488578796387, -0.646022617816925],
    [3.5123205184936523, -1.8750489950180054, -0.5734466910362244],
    [3.9191009998321533, -1.7045570611953735, -0.540743887424469],
    [4.084061145782471, -1.4611016511917114, -0.5216930508613586],
    [4.74609899520874, -1.2817200422286987, -0.5926632285118103],
    [4.814555644989014, -1.0183231830596924, -0.5937854051589966],
    [5.776879787445068, -0.9463697671890259, -0.5759975910186768],
    [8.815300941467285, 1.905794382095337, -0.5910604000091553],
    [5.803936958312988, -1.1980458498001099, -0.589952290058136],
    [7.680999755859375, 0.7178736925125122, -0.6174965500831604],
    [5.506322860717773, -1.1339308023452759, -0.621068000793457],
    [3.9013121128082275, -1.7285544872283936, -0.709017276763916],
    [4.230459690093994, -1.5913896560668945, -0.6572222709655762],
    [3.7969770431518555, -1.6282544136047363, -0.6268593072891235],
    [3.8593175411224365, -1.9525330066680908, -0.5579128861427307],
    [3.505868911743164, -2.4145963191986084, -0.626735270023346],
    [3.552824020385742, -2.1255528926849365, -0.5956660509109497],
    [3.7433292865753174, -2.0085718631744385, -0.6345053911209106],
    [3.9603850841522217, -1.648368000984192, -0.6315480470657349],
    [3.962460517883301, -1.555248498916626, -0.6069883108139038],
    [4.67350959777832, -1.2503865957260132, -0.5916829109191895],
    [4.911062240600586, -1.1778618097305298, -0.5773703455924988],
    [5.386075019836426, -0.7491450309753418, -0.5337579846382141],
    [5.8137526512146, -0.5798920392990112, -0.6265297532081604],
    [8.508098602294922, 2.23893404006958, -0.5687227249145508],
    [6.87418270111084, -0.5536991357803345, -0.6116727590560913],
    [9.380562782287598, 3.4765191078186035, -0.5476959943771362],
    [7.8214216232299805, 0.7050643563270569, -0.5914794206619263],
    [9.171546936035156, 2.1894097328186035, -0.5188146829605103],
    [5.511552333831787, -1.1211878061294556, -0.6357520818710327],
    [5.294131278991699, -1.1176886558532715, -0.6140183210372925],
    [3.9277660846710205, -1.5146820545196533, -0.6455209255218506],
    [3.956068277359009, -1.4419360160827637, -0.6313710808753967],
    [3.7994484901428223, -1.6523146629333496, -0.6935667395591736],
    [3.705578565597534, -1.6043553352355957, -0.60706627368927],
    [3.796487331390381, -2.008242130279541, -0.648573100566864],
    [3.5284221172332764, -1.827412724494934, -0.6571696400642395],
    [4.125126838684082, -1.6514776945114136, -0.6966216564178467],
    [3.7111454010009766, -1.4972752332687378, -0.6599558591842651],
    [4.13523006439209, -1.3607178926467896, -0.6259031891822815],
    [3.937744140625, -1.6550734043121338, -0.5716739892959595],
    [4.959874153137207, -1.4381284713745117, -0.6417176723480225],
    [5.312302112579346, -1.1068298816680908, -0.6010114550590515],
    [6.151111602783203, -0.5548077821731567, -0.6107801198959351],
    [6.922137260437012, -0.6363139748573303, -0.6005411148071289],
    [6.488344669342041, -0.7493811845779419, -0.5527571439743042],
    [5.438467979431152, -1.2308745384216309, -0.6307302713394165],
    [3.86887264251709, -1.7113851308822632, -0.6769090294837952],
    [4.0987725257873535, -1.7309396266937256, -0.640334963798523],
    [3.914421558380127, -1.4407892227172852, -0.6446149349212646],
    [3.666231632232666, -1.973698616027832, -0.6724997758865356],
    [3.7574992179870605, -2.260894775390625, -0.6436552405357361],
    [3.6417746543884277, -2.005796432495117, -0.6357883810997009],
    [3.916248321533203, -1.5903276205062866, -0.6759621500968933],
    [4.4449543952941895, -1.491988182067871, -0.7751513123512268],
    [4.087106227874756, -1.5988813638687134, -0.6219943165779114],
    [4.8442511558532715, -1.651119351387024, -0.6389760971069336],
    [4.840686321258545, -1.5370172262191772, -0.674845278263092],
    [6.099402904510498, -0.5738757252693176, -0.6644675731658936],
    [6.282950401306152, -0.2254893034696579, -0.6582548022270203],
    [8.836573600769043, 4.2844367027282715, -0.5139042139053345],
    [6.888242244720459, -0.7037679553031921, -0.5845997333526611],
    [9.576419830322266, 5.047711372375488, -0.5236788988113403],
    [8.437585830688477, 1.2754924297332764, -0.5169804096221924],
    [9.440503120422363, 2.6731770038604736, -0.5809177160263062],
    [5.481341361999512, -1.2083704471588135, -0.6613354682922363],
    [5.265988826751709, -1.193328857421875, -0.6221716403961182],
    [3.863180637359619, -1.5093830823898315, -0.6380327343940735],
    [3.9491701126098633, -1.5362732410430908, -0.6078839898109436],
    [3.8343851566314697, -1.6585118770599365, -0.6480749249458313],
    [3.6823713779449463, -1.6740717887878418, -0.6744889616966248],
    [3.7109944820404053, -1.8825522661209106, -0.7132555842399597],
    [3.529644012451172, -1.5082792043685913, -0.6566166877746582],
    [4.217386245727539, -1.3015391826629639, -0.6558142900466919],
    [3.850372552871704, -1.4218255281448364, -0.7233269214630127],
    [4.059004306793213, -1.7437611818313599, -0.5830811858177185],
    [3.9081010818481445, -1.9743049144744873, -0.5502502918243408],
    [4.593666076660156, -1.9868834018707275, -0.7234619855880737],
    [5.061730861663818, -1.4355454444885254, -0.7154951095581055],
    [6.072723865509033, -0.40940752625465393, -0.5631338357925415],
    [6.238574028015137, -1.2431663274765015, -0.5342472791671753],
    [7.183619499206543, -0.08369345217943192, -0.5228965878486633],
    [5.468380928039551, -1.3309072256088257, -0.6068060398101807],
    [3.8698720932006836, -1.6541575193405151, -0.6458770036697388],
    [4.018887042999268, -1.6445505619049072, -0.5893475413322449],
    [3.8758230209350586, -1.5077426433563232, -0.6191301345825195],
    [3.5982654094696045, -1.929527997970581, -0.6402729153633118],
    [3.520789623260498, -2.2598726749420166, -0.781821608543396],
    [3.7339742183685303, -1.7557495832443237, -0.6443371176719666],
    [3.8045008182525635, -1.2770192623138428, -0.5924381613731384],
    [3.888730049133301, -1.7120411396026611, -0.5429142713546753],
    [4.465069770812988, -2.0034635066986084, -0.6609326601028442],
    [6.313188552856445, -0.9312954545021057, -0.7042075395584106],
    [6.614617824554443, -0.0034867078065872192, -0.6178874969482422],
    [8.34553050994873, 2.963306188583374, -0.4992401599884033],
    [6.61870813369751, -0.9389914274215698, -0.49389296770095825],
    [9.729782104492188, 5.413323879241943, -0.346510112285614],
    [8.812203407287598, 1.7623697519302368, -0.4645477831363678],
    [9.880186080932617, 4.227590084075928, -0.49641740322113037],
    [5.456627368927002, -1.2551279067993164, -0.6481899619102478],
    [5.319915294647217, -1.26229989528656, -0.6374349594116211],
    [3.9590907096862793, -1.635589361190796, -0.6464636921882629],
    [3.919355630874634, -1.7195820808410645, -0.6122018694877625],
    [3.4539942741394043, -1.73012375831604, -0.6411759853363037],
    [3.343144416809082, -1.7782196998596191, -0.6586385369300842],
    [2.7159857749938965, -2.4164867401123047, -0.7586677670478821],
    [3.3119852542877197, -1.3024492263793945, -0.7608054280281067],
    [3.635890483856201, -0.9211699366569519, -0.6148765683174133],
    [3.397563934326172, -1.081775188446045, -0.6195534467697144],
    [3.5295803546905518, -1.8380100727081299, -0.5233510732650757],
    [3.4453043937683105, -2.015199661254883, -0.6068798899650574],
    [3.569878101348877, -1.776854157447815, -0.6771617531776428],
    [5.669144153594971, -0.2984778881072998, -0.5271339416503906],
    [6.882181644439697, -0.5387613773345947, -0.5110344290733337],
    [6.660519123077393, -0.6619209051132202, -0.5143481492996216],
    [5.478033542633057, -1.367966651916504, -0.6159068942070007],
    [3.822575807571411, -1.5653753280639648, -0.5880786776542664],
    [3.8826143741607666, -1.647371768951416, -0.5696082711219788],
    [3.8891401290893555, -1.3865967988967896, -0.6171397566795349],
    [3.4652297496795654, -2.0949227809906006, -0.6301072835922241],
    [3.826878547668457, -2.4324138164520264, -0.8350921273231506],
    [3.899721145629883, -1.747832179069519, -0.751617431640625],
    [3.594053030014038, -1.3300421237945557, -0.6518092155456543],
    [3.7159533500671387, -1.5920584201812744, -0.6112405061721802],
    [2.4665043354034424, -2.3573431968688965, -0.5444797873497009],
    [4.0466413497924805, -1.8596441745758057, -0.5955249667167664],
    [5.7097625732421875, -0.8502238392829895, -0.7112682461738586],
    [6.448859214782715, -0.10775389522314072, -0.6005486249923706],
    [7.733436584472656, 1.900343894958496, -0.42772161960601807],
    [6.430303573608398, -0.6573815941810608, -0.4829349219799042],
    [9.244895935058594, 5.608821392059326, -0.37175363302230835],
    [9.462335586547852, 2.4579765796661377, -0.5089442729949951],
    [8.86143970489502, 2.154097080230713, -0.5305123329162598],
    [5.425764560699463, -1.3251844644546509, -0.6693824529647827],
    [5.254910469055176, -1.2692301273345947, -0.6182052493095398],
    [4.167129993438721, -1.5066947937011719, -0.5645238161087036],
    [3.9285051822662354, -1.6665189266204834, -0.6941607594490051],
    [3.6555745601654053, -2.0295515060424805, -0.5910417437553406],
    [2.850236415863037, -3.1042470932006836, -0.6943618059158325],
    [3.4707043170928955, -1.5848418474197388, -0.7025120854377747],
    [3.3697659969329834, -1.5240395069122314, -0.6945398449897766],
    [3.416548013687134, -1.3306522369384766, -0.5921794176101685],
    [3.015033721923828, -1.7333054542541504, -0.5741234421730042],
    [2.7285239696502686, -1.7191046476364136, -0.6074894666671753],
    [3.441877841949463, -1.80797278881073, -0.6785057783126831],
    [5.2142863273620605, -0.20050005614757538, -0.46246981620788574],
    [8.42628002166748, 2.781827688217163, -0.48372673988342285],
    [5.465139389038086, -1.6852545738220215, -0.5605000853538513],
    [5.566214084625244, -1.191089391708374, -0.48276790976524353],
    [5.367154598236084, -1.3825457096099854, -0.6380731463432312],
    [5.579672336578369, -1.1840980052947998, -0.623023509979248],
    [3.834226131439209, -1.4804590940475464, -0.6074551939964294],
    [4.141236782073975, -1.276012659072876, -0.5619277954101562],
    [4.1332197189331055, -1.20075523853302, -0.6942712068557739],
    [4.266036033630371, -1.6565881967544556, -0.6376836895942688],
    [3.9855988025665283, -1.9363362789154053, -0.7443269491195679],
    [4.339786529541016, -1.5034236907958984, -0.6583200097084045],
    [3.7251431941986084, -1.6202961206436157, -0.666938304901123],
    [2.6211163997650146, -2.032857894897461, -0.5525338649749756],
    [3.589817523956299, -1.7868891954421997, -0.6625791192054749],
    [4.019556522369385, -1.308199405670166, -0.6831947565078735],
    [5.545239448547363, -0.7849664688110352, -0.6198580265045166],
    [7.2968549728393555, 1.445845365524292, -0.4898305833339691],
    [5.923569679260254, -0.2816391587257385, -0.5153502821922302],
    [8.70181941986084, 4.65423583984375, -0.43011802434921265],
    [9.082332611083984, 0.7243218421936035, -0.49772751331329346],
    [8.605877876281738, 1.7753782272338867, -0.46871083974838257],
    [5.3498029708862305, -1.3431895971298218, -0.6505553126335144],
    [5.289856910705566, -1.3186370134353638, -0.6091060638427734],
    [4.308754920959473, -1.5561106204986572, -0.5900049209594727],
    [4.396976470947266, -1.551396131515503, -0.578261137008667],
    [4.100368976593018, -1.6875035762786865, -0.6197171211242676],
    [4.260786056518555, -1.666540265083313, -0.5578925013542175],
    [2.8329973220825195, -2.5614683628082275, -0.6712616682052612],
    [3.9967873096466064, -1.6043440103530884, -0.6070852875709534],
    [2.499715805053711, -2.6289830207824707, -0.5531914830207825],
    [4.2647199630737305, -1.3817304372787476, -0.5904735326766968],
    [3.9571404457092285, -1.4133117198944092, -0.7504738569259644],
    [1.8537523746490479, -2.651653528213501, -0.5739110112190247],
    [3.9942467212677, -1.6784775257110596, -0.6527596712112427],
    [4.8362250328063965, -1.2168254852294922, -0.6881343126296997],
    [5.007828235626221, -1.0028526782989502, -0.5916486382484436],
    [5.8869524002075195, -0.8074567317962646, -0.5953885912895203],
    [5.643009662628174, -1.6128679513931274, -0.6007151007652283],
    [5.2084550857543945, -1.4481124877929688, -0.593690037727356],
    [5.346838474273682, -1.4361528158187866, -0.635187029838562],
    [5.445951461791992, -1.2295423746109009, -0.6004948019981384],
    [4.5524821281433105, -1.8645597696304321, -0.6282930970191956],
    [4.602936267852783, -1.583369255065918, -0.6297786235809326],
    [4.535136699676514, -1.809870958328247, -0.6727035641670227],
    [4.5326032638549805, -2.0800414085388184, -0.7166030406951904],
    [4.505200386047363, -2.185447931289673, -0.7253872156143188],
    [4.259951591491699, -2.483417272567749, -0.6959978938102722],
    [4.262853145599365, -2.3017959594726562, -0.6560347676277161],
    [3.9810755252838135, -2.341292142868042, -0.6314729452133179],
    [4.317869186401367, -1.9861268997192383, -0.660926103591919],
    [3.8696610927581787, -1.9129970073699951, -0.642975389957428],
    [4.193422794342041, -2.158642292022705, -0.6193109750747681],
    [4.536731719970703, -1.7899365425109863, -0.6961525678634644],
    [5.185795783996582, -1.5373976230621338, -0.6968329548835754],
    [5.589685916900635, -0.5467753410339355, -0.6492895483970642],
    [5.910940647125244, -1.1919057369232178, -0.7200087904930115],
    [6.113497734069824, -1.3299503326416016, -0.66877281665802],
    [6.124660491943359, -1.4707577228546143, -0.6377702355384827],
    [5.324011325836182, -1.473456621170044, -0.6577804088592529],
    [5.3868937492370605, -1.5146851539611816, -0.6618622541427612]
]
